NUMBER OF LOOPS PER BATCH: 1000

5 9.0124e-08
6 8.5196e-08
7 1.02108e-07
8 1.20296e-07
9 1.44639e-07
10 1.82421e-07
11 2.00791e-07
12 2.62194e-07
13 1.64883e-06
14 2.80814e-07
15 3.11854e-07
16 3.46017e-07
17 3.98554e-07
18 4.36549e-07
19 4.60298e-07
20 5.20255e-07
21 5.41049e-07
22 6.61851e-07
23 6.30468e-07
24 7.33862e-07
25 7.25336e-07
26 7.67901e-07
27 8.49352e-07
28 8.70643e-07
29 9.51072e-07
30 1.0468e-06
31 1.07036e-06
32 1.16235e-06
33 1.17958e-06
34 1.25138e-06
35 1.30541e-06
36 1.39867e-06
37 1.56391e-06
38 1.50445e-06
39 6.44952e-06
40 1.66623e-06
41 2.25598e-06
42 1.79434e-06
43 2.03039e-06
44 2.04317e-06
45 2.12901e-06
46 2.82058e-06
47 2.25996e-06
48 2.31172e-06
49 2.47142e-06
50 3.07412e-06
51 7.9665e-06
52 2.77566e-06
53 2.90441e-06
54 2.8652e-06
55 2.96147e-06
56 3.10462e-06
57 3.11911e-06
58 3.49352e-06
59 3.65383e-06
60 3.1953e-06
61 3.44981e-06
62 3.69281e-06
63 4.00255e-06
64 3.94469e-06
65 9.32291e-06
66 4.13123e-06
67 4.17574e-06
68 4.39306e-06
69 4.95221e-06
70 4.64755e-06
71 4.56654e-06
72 4.32304e-06
73 4.47596e-06
74 5.14721e-06
75 5.27827e-06
76 5.36017e-06
77 5.38882e-06
78 6.4406e-06
79 5.97049e-06
80 9.58976e-06
81 6.31684e-06
82 6.3988e-06
83 1.38936e-05
84 6.92166e-06
85 7.00257e-06
86 7.03924e-06
87 7.21077e-06
88 7.78396e-06
89 9.13117e-06
90 7.62179e-06
91 8.03672e-06
92 8.10255e-06
93 1.37603e-05
94 8.61119e-06
95 8.3792e-06
96 1.31123e-05
97 1.24765e-05
98 8.23748e-06
99 8.01052e-06
100 8.70509e-06
101 9.48579e-06
102 1.47121e-05
103 1.4946e-05
104 1.44384e-05
105 1.37596e-05
106 1.0407e-05
107 1.08151e-05
108 1.07782e-05
109 1.08208e-05
110 1.65706e-05
111 1.65217e-05
112 2.07606e-05
113 1.67522e-05
114 1.67462e-05
115 1.32121e-05
116 1.33014e-05
117 1.33623e-05
118 1.85794e-05
119 1.37101e-05
120 2.12089e-05
121 1.91928e-05
122 1.44253e-05
123 1.91873e-05
124 2.56832e-05
125 1.46808e-05
126 1.49734e-05
127 1.95529e-05
128 1.52142e-05
129 1.60416e-05
130 1.56656e-05
131 2.10761e-05
132 1.62368e-05
133 2.1354e-05
134 1.6949e-05
135 1.7439e-05
136 2.33834e-05
137 2.27676e-05
138 2.19441e-05
139 1.78101e-05
140 2.37557e-05
141 1.8974e-05
142 2.38593e-05
143 2.38744e-05
144 2.42742e-05
145 1.96046e-05
146 2.01578e-05
147 1.97145e-05
148 2.6601e-05
149 2.26889e-05
150 2.62886e-05
151 2.68369e-05
152 2.18901e-05
153 2.18974e-05
154 2.75102e-05
155 2.80721e-05
156 3.50043e-05
157 2.67894e-05
158 2.8653e-05
159 2.46214e-05
160 2.41612e-05
161 2.58979e-05
162 2.57928e-05
163 3.13387e-05
164 2.54041e-05
165 2.38044e-05
166 2.47164e-05
167 3.121e-05
168 3.07138e-05
169 3.1776e-05
170 3.18845e-05
171 3.11592e-05
172 3.22434e-05
173 2.86958e-05
174 2.78522e-05
175 2.75776e-05
176 3.28952e-05
177 2.9533e-05
178 2.89605e-05
179 3.41299e-05
180 2.70416e-05
181 3.07961e-05
182 3.31833e-05
183 3.0276e-05
184 3.75184e-05
185 3.11897e-05
186 3.28697e-05
187 3.6211e-05
188 3.6602e-05
189 3.4208e-05
190 3.68501e-05
191 3.95238e-05
192 4.08519e-05
193 5.09075e-05
194 3.53822e-05
195 4.06996e-05
196 3.60457e-05
197 4.04771e-05
198 3.6986e-05
199 3.69693e-05
200 4.29546e-05
201 4.24853e-05
202 3.91987e-05
203 4.18948e-05
204 3.79487e-05
205 3.92564e-05
206 4.47072e-05
207 4.49873e-05
208 4.51977e-05
209 4.54354e-05
210 4.55099e-05
211 4.10875e-05
212 4.50604e-05
213 4.72996e-05
214 5.13592e-05
215 4.85197e-05
216 4.33426e-05
217 5.3125e-05
218 4.53008e-05
219 4.8464e-05
220 4.41169e-05
221 5.05284e-05
222 4.99953e-05
223 5.13287e-05
224 4.91265e-05
225 5.2037e-05
226 5.24814e-05
227 4.88691e-05
228 5.11105e-05
229 5.4496e-05
230 4.99201e-05
231 5.63411e-05
232 5.40344e-05
233 5.078e-05
234 5.59599e-05
235 5.56547e-05
236 5.48075e-05
237 5.53029e-05
238 5.64883e-05
239 5.7248e-05
240 7.03679e-05
241 5.87174e-05
242 5.69259e-05
243 5.5947e-05
244 5.59372e-05
245 6.16076e-05
246 5.70839e-05
247 5.8962e-05
248 6.13027e-05
249 5.49514e-05
250 5.65283e-05
251 5.62696e-05
252 6.4464e-05
253 6.27586e-05
254 6.56363e-05
255 6.97123e-05
256 6.08628e-05
257 5.90063e-05
258 6.63477e-05
259 6.14336e-05
260 6.66266e-05
261 6.28352e-05
262 6.77443e-05
263 7.19019e-05
264 6.34751e-05
265 7.30396e-05
266 7.08018e-05
267 6.44864e-05
268 6.60551e-05
269 7.0807e-05
270 6.74472e-05
271 7.0626e-05
272 7.10683e-05
273 7.13147e-05
274 7.18968e-05
275 7.45107e-05
276 7.82353e-05
277 7.56247e-05
278 7.45517e-05
279 7.72916e-05
280 7.4894e-05
281 7.67335e-05
282 7.3496e-05
283 7.25575e-05
284 7.86335e-05
285 7.91665e-05
286 9.34722e-05
287 8.49603e-05
288 8.78082e-05
289 8.30717e-05
290 8.22427e-05
291 8.21692e-05
292 8.26806e-05
293 8.36533e-05
294 8.82395e-05
295 8.02143e-05
296 8.65469e-05
297 8.74322e-05
298 8.95358e-05
299 8.22081e-05
300 8.64334e-05
301 9.14692e-05
302 8.74276e-05
303 8.75343e-05
304 8.27234e-05
305 9.04513e-05
306 9.17485e-05
307 9.09677e-05
308 9.06788e-05
309 8.76973e-05
310 9.57936e-05
311 9.14138e-05
312 9.37832e-05
313 9.50028e-05
314 9.64914e-05
315 9.07338e-05
316 9.67881e-05
317 9.60326e-05
318 9.6429e-05
319 9.87631e-05
320 9.81028e-05
321 9.81929e-05
322 0.000103617
323 9.95453e-05
324 9.97531e-05
325 0.000101376
326 0.000101189
327 9.75309e-05
328 9.89829e-05
329 9.83855e-05
330 0.000106414
331 0.000103037
332 0.000105593
333 0.000106789
334 0.000105804
335 0.000106443
336 0.000107792
337 0.00010294
338 0.000112949
339 0.000109226
340 0.000103255
341 0.0001098
342 0.00011136
343 0.000110777
344 0.000111743
345 0.000112852
346 0.000115671
347 0.000113769
348 0.000112825
349 0.000115331
350 0.000111279
351 0.000117274
352 0.000117843
353 0.000125656
354 0.000118597
355 0.000121379
356 0.00011585
357 0.000119279
358 0.000121695
359 0.000124626
360 0.0001374
361 0.000123259
362 0.000125468
363 0.000124945
364 0.000126113
365 0.000121439
366 0.000128642
367 0.000128193
368 0.00012612
369 0.000124762
370 0.00012913
371 0.000122452
372 0.000122398
373 0.000132114
374 0.000127178
375 0.000131639
376 0.000132124
377 0.000132191
378 0.000135436
379 0.000134742
380 0.000137739
381 0.000136143
382 0.000137363
383 0.00013847
384 0.000139016
385 0.000138223
386 0.000144147
387 0.000141411
388 0.000140368
389 0.000151185
390 0.000144005
391 0.000140782
392 0.00015053
393 0.000147737
394 0.000148748
395 0.000149164
396 0.000147201
397 0.000149007
398 0.000151625
399 0.000150342
400 0.000147633
401 0.000147235
402 0.000151436
403 0.000152466
404 0.000154389
405 0.000155665
406 0.000154188
407 0.000152568
408 0.00015554
409 0.000159281
410 0.000153339
411 0.000152368
412 0.000160429
413 0.000151829
414 0.000156338
415 0.000160178
416 0.000164767
417 0.000160684
418 0.000165715
419 0.000165189
420 0.000167682
421 0.000167747
422 0.000168588
423 0.000166422
424 0.000166618
425 0.000173634
426 0.000172225
427 0.000168967
428 0.000171845
429 0.000171438
430 0.000172795
431 0.000176725
432 0.000174594
433 0.000173606
434 0.000178081
435 0.000166323
436 0.000165603
437 0.000178506
438 0.000179045
439 0.000179477
440 0.000184673
441 0.000185298
442 0.000181307
443 0.000192716
444 0.000183813
445 0.000186556
446 0.00018924
447 0.000187766
448 0.000187533
449 0.00018397
450 0.000191858
451 0.000185536
452 0.000190567
453 0.000191054
454 0.000196626
455 0.000194827
456 0.00019474
457 0.000194416
458 0.000195403
459 0.000185668
460 0.000180856
461 0.000195066
462 0.000199436
463 0.000200005
464 0.000199613
465 0.000201773
466 0.000197966
467 0.000198537
468 0.00020557
469 0.000188949
470 0.000198221
471 0.000207675
472 0.000218623
473 0.000212805
474 0.000207284
475 0.000212122
476 0.000209796
477 0.000209846
478 0.000215135
479 0.000208176
480 0.000218088
481 0.000224485
482 0.000215019
483 0.000212888
484 0.000217459
485 0.000218646
486 0.000222086
487 0.000220323
488 0.000220592
489 0.000224651
490 0.000228927
491 0.000227387
492 0.000226563
493 0.000223189
494 0.000230227
495 0.000226538
496 0.00023097
497 0.000228185
498 0.000233853
499 0.00022467
500 0.000232907
501 0.000232747
502 0.000234162
503 0.000234324
504 0.000237759
505 0.000235581
506 0.000238614
507 0.000241692
508 0.000240966
509 0.000241247
510 0.000243129
511 0.000242404
512 0.000242579
513 0.000245736
514 0.000246244
515 0.000250138
516 0.000244638
517 0.000250119
518 0.000246519
519 0.000252982
520 0.000265586
521 0.000253012
522 0.000252805
523 0.000256399
524 0.000256613
525 0.000255069
526 0.00025612
527 0.000259325
528 0.00024545
529 0.000242899
530 0.000260817
531 0.000264448
532 0.00028654
533 0.000279962
534 0.000308632
535 0.000278792
536 0.000257836
537 0.000264563
538 0.000273636
539 0.000273486
540 0.000273561
541 0.000280168
542 0.000274633
543 0.000270639
544 0.000276416
545 0.000285784
546 0.000263692
547 0.000272206
548 0.000284517
549 0.000284011
550 0.000279181
551 0.000279963
552 0.000282311
553 0.000282992
554 0.000286171
555 0.000313995
556 0.000297308
557 0.000298352
558 0.000317183
559 0.000297656
560 0.000305256
561 0.000310232
562 0.000293207
563 0.00029161
564 0.000304661
565 0.000297651
566 0.000336931
567 0.000326017
568 0.000292762
569 0.000346748
570 0.000329801
571 0.000320717
572 0.000310565
573 0.000321969
574 0.000315589
575 0.000314526
576 0.000323421
577 0.000318366
578 0.0003237
579 0.000318361
580 0.000321687
581 0.000327534
582 0.000325301
583 0.000318171
584 0.000346972
585 0.000399665
586 0.000446102
587 0.00038556
588 0.000358204
589 0.000363284
590 0.000359395
591 0.000382813
592 0.000430475
593 0.000388655
594 0.000408242
595 0.000395926
596 0.000392752
597 0.000408741
598 0.000397506
599 0.000440568
600 0.000426125
601 0.000415866
602 0.000383
603 0.000415516
604 0.000411712
605 0.000407142
606 0.000394845
607 0.000396461
608 0.000371224
609 0.000360473
610 0.000365058
611 0.000389238
612 0.000407572
613 0.000406383
614 0.000363581
615 0.000366865
616 0.000368093
617 0.000373928
618 0.000368138
619 0.000373162
620 0.00037853
621 0.000376426
622 0.00035988
623 0.000383147
624 0.000372198
625 0.000382172
626 0.000364538
627 0.000359799
628 0.000390518
629 0.000380431
630 0.000381335
631 0.000377774
632 0.000384822
633 0.000389105
634 0.000379367
635 0.000381102
636 0.000372061
637 0.000374322
638 0.000387631
639 0.000387577
640 0.0003972
641 0.000386156
642 0.000396774
643 0.000395189
644 0.000390667
645 0.000423723
646 0.00040484
647 0.000408293
648 0.000392878
649 0.000386929
650 0.000388567
651 0.000388102
652 0.000389868
653 0.000390686
654 0.000416989
655 0.000416362
656 0.000421018
657 0.000415437
658 0.000412535
659 0.000420851
660 0.00041275
661 0.000426154
662 0.000421738
663 0.000419473
664 0.000409593
665 0.000427804
666 0.000430804
667 0.000428523
668 0.000436466
669 0.000430798
670 0.000414508
671 0.000431315
672 0.000432375
673 0.000418554
674 0.00042609
675 0.000425211
676 0.000423542
677 0.000420979
678 0.000437149
679 0.000421987
680 0.000437792
681 0.00043686
682 0.000435905
683 0.000445331
684 0.000449866
685 0.000454913
686 0.000459761
687 0.000433574
688 0.000458607
689 0.000454773
690 0.000453952
691 0.000463933
692 0.00046094
693 0.000462071
694 0.00044944
695 0.000456317
696 0.000466869
697 0.000457733
698 0.000457126
699 0.000480292
700 0.00047296
701 0.00047555
702 0.000484682
703 0.00048088
704 0.000479136
705 0.000491048
706 0.000483618
707 0.000444608
708 0.000485335
709 0.000480793
710 0.000484118
711 0.000493632
712 0.000488803
713 0.000510197
714 0.000501332
715 0.00049892
716 0.000490071
717 0.000499023
718 0.0004885
719 0.000500689
720 0.000493101
721 0.000502579
722 0.000497793
723 0.000508248
724 0.000505913
725 0.000517068
726 0.000504083
727 0.000520835
728 0.000517811
729 0.000482284
730 0.00049542
731 0.000505128
732 0.000505609
733 0.000510061
734 0.000488722
735 0.000518364
736 0.000541514
737 0.000533771
738 0.000526875
739 0.00050903
740 0.000511931
741 0.000483583
742 0.000492717
743 0.00051171
744 0.00053609
745 0.000542907
746 0.000542561
747 0.000541572
748 0.000540306
749 0.000538684
750 0.000517947
751 0.000539734
752 0.000550425
753 0.000550294
754 0.000545977
755 0.000513774
756 0.000535704
757 0.000544466
758 0.000555362
759 0.000561517
760 0.000556494
761 0.000535503
762 0.000554192
763 0.000572434
764 0.000554715
765 0.000574021
766 0.000569351
767 0.000559857
768 0.000564436
769 0.000557316
770 0.000550948
771 0.000569411
772 0.000553449
773 0.00058722
774 0.000578955
775 0.000587281
776 0.00058361
777 0.000584795
778 0.000583951
779 0.000552436
780 0.000572133
781 0.000587004
782 0.000594708
783 0.000594271
784 0.000577298
785 0.000555253
786 0.000588545
787 0.00057197
788 0.000576957
789 0.000583488
790 0.000604914
791 0.000587286
792 0.000579025
793 0.00058636
794 0.000605365
795 0.000620949
796 0.000614016
797 0.000609965
798 0.000566065
799 0.000613197
800 0.000621999
801 0.000612421
802 0.000632154
803 0.000595318
804 0.000649366
805 0.000635188
806 0.00062699
807 0.000631321
808 0.000598597
809 0.000636305
810 0.000641712
811 0.000637605
812 0.000608625
813 0.000640053
814 0.000634013
815 0.000645945
816 0.000641776
817 0.000636437
818 0.00061845
819 0.000646525
820 0.000644065
821 0.000660908
822 0.000647945
823 0.000645655
824 0.000614171
825 0.000637141
826 0.000644306
827 0.000650598
828 0.000638527
829 0.000659605
830 0.000659226
831 0.000661911
832 0.00066193
833 0.000665586
834 0.000655493
835 0.000641976
836 0.000672378
837 0.000663417
838 0.000674883
839 0.00067835
840 0.000674839
841 0.00069054
842 0.00069318
843 0.000675886
844 0.00064967
845 0.000708585
846 0.000701676
847 0.000675568
848 0.000666993
849 0.000672461
850 0.000690195
851 0.000686031
852 0.000690275
853 0.000669777
854 0.000688984
855 0.000692763
856 0.00069079
857 0.000695368
858 0.000689854
859 0.000702941
860 0.00065909
861 0.000674168
862 0.000713673
863 0.000713153
864 0.000708742
865 0.000723534
866 0.00071306
867 0.000712429
868 0.000727674
869 0.000716468
870 0.000721664
871 0.000707624
872 0.000717589
873 0.000732466
874 0.000757793
875 0.000717977
876 0.00072849
877 0.00073719
878 0.00074666
879 0.000689393
880 0.000726965
881 0.000741523
882 0.000709415
883 0.000716234
884 0.000743927
885 0.00076535
886 0.00073555
887 0.000737716
888 0.000746915
889 0.000759943
890 0.000734682
891 0.000715336
892 0.000737937
893 0.000741678
894 0.000730949
895 0.000741703
896 0.000746011
897 0.000751939
898 0.000786226
899 0.000783108
900 0.000760411
901 0.000774303
902 0.000747552
903 0.000771952
904 0.000741872
905 0.000771457
906 0.00076778
907 0.000781777
908 0.000790668
909 0.000815974
910 0.000778338
911 0.000787466
912 0.000791259
913 0.000782374
914 0.000799702
915 0.000808602
916 0.000785199
917 0.000775329
918 0.000741049
919 0.000787062
920 0.000801424
921 0.000820985
922 0.000807035
923 0.00080427
924 0.000813963
925 0.000812516
926 0.000812085
927 0.000814925
928 0.000809011
929 0.00081617
930 0.000813284
931 0.000782657
932 0.000834316
933 0.000828994
934 0.000825225
935 0.00079264
936 0.000800855
937 0.000795161
938 0.000813805
939 0.000836088
940 0.000832323
941 0.00082264
942 0.000852003
943 0.000825369
944 0.000831631
945 0.000833623
946 0.000809258
947 0.000807965
948 0.000889249
949 0.000869976
950 0.000845625
951 0.000830969
952 0.000844958
953 0.000834523
954 0.000799547
955 0.00085552
956 0.000868798
957 0.000829627
958 0.000846211
959 0.000849817
960 0.00086432
961 0.000883488
962 0.000864519
963 0.000866132
964 0.000869605
965 0.000868322
966 0.000876335
967 0.000840607
968 0.00085172
969 0.000878263
970 0.000885209
971 0.000882174
972 0.000886983
973 0.000847305
974 0.000883423
975 0.000888144
976 0.000887751
977 0.00089855
978 0.000897686
979 0.000883994
980 0.000882882
981 0.000906401
982 0.000906527
983 0.000885216
984 0.000909194
985 0.000902303
986 0.000910218
987 0.000912767
988 0.000900809
989 0.000889828
990 0.000922988
991 0.00091112
992 0.000920328
993 0.000917182
994 0.000923463
995 0.000920289
996 0.000950842
997 0.000924631
998 0.000934538
999 0.000917632
1000 0.000905672
1001 0.00092768
1002 0.000908136
1003 0.00091589
1004 0.000935162
1005 0.000949138
1006 0.000944204
1007 0.000947833
1008 0.000946855
1009 0.000904946
1010 0.00094147
1011 0.000953327
1012 0.00094587
1013 0.000950985
1014 0.000946209
1015 0.000941535
1016 0.000952891
1017 0.00095698
1018 0.000946798
1019 0.000922195
1020 0.000924993
1021 0.000973848
1022 0.000979955
1023 0.000985801
1024 0.000975883
1025 0.000980121
1026 0.000976485
1027 0.000982747
1028 0.000976931
1029 0.000978016
1030 0.000979357
1031 0.000946791
1032 0.000992241
1033 0.000972991
1034 0.000989593
1035 0.000992981
1036 0.000962217
1037 0.00105367
1038 0.000980754
1039 0.000995496
1040 0.000981913
1041 0.000985609
1042 0.00101667
1043 0.0010284
1044 0.00101492
1045 0.00101785
1046 0.00101078
1047 0.00100856
1048 0.00101368
1049 0.000999646
1050 0.00102416
1051 0.0010279
1052 0.0010296
1053 0.000981126
1054 0.000988238
1055 0.00102531
1056 0.00118042
1057 0.00110285
1058 0.00104963
1059 0.00105844
1060 0.00105155
1061 0.00104462
1062 0.0010429
1063 0.00105096
1064 0.00105126
1065 0.00106401
1066 0.00106143
1067 0.00104323
1068 0.00102055
1069 0.001051
1070 0.00106277
1071 0.001068
1072 0.00106351
1073 0.00105473
1074 0.0010234
1075 0.00103001
1076 0.00106286
1077 0.00106533
1078 0.00107052
1079 0.00105449
1080 0.00109002
1081 0.00108178
1082 0.00107511
1083 0.00107606
1084 0.00106919
1085 0.00105498
1086 0.00112426
1087 0.00110758
1088 0.00106334
1089 0.00107933
1090 0.00106711
1091 0.00109712
1092 0.00110988
1093 0.00109437
1094 0.00109618
1095 0.00112373
1096 0.00134873
1097 0.00123126
1098 0.00118051
1099 0.00112416
1100 0.00118555
1101 0.00121029
1102 0.00114732
1103 0.00111331
1104 0.00110931
1105 0.00109901
1106 0.00113366
1107 0.00113707
1108 0.00114104
1109 0.00117949
1110 0.00119017
1111 0.00117449
1112 0.00125554
1113 0.00117214
1114 0.00127708
1115 0.00121409
1116 0.00120793
1117 0.00135483
1118 0.00147238
1119 0.00151544
1120 0.0015394
1121 0.00140147
1122 0.001764
1123 0.00150542
1124 0.00145562
1125 0.00131143
1126 0.00127561
1127 0.00121414
1128 0.00121827
1129 0.00123205
1130 0.00139397
1131 0.00127091
1132 0.00122955
1133 0.00124862
1134 0.00126526
1135 0.00123713
1136 0.00137468
1137 0.00133089
1138 0.00128369
1139 0.00123159
1140 0.00123256
1141 0.00124658
1142 0.00139431
1143 0.00130316
1144 0.00127641
1145 0.00125846
1146 0.00126179
1147 0.00127095
1148 0.00127776
1149 0.00128077
1150 0.00130981
1151 0.0013071
1152 0.00132084
1153 0.00130616
1154 0.0013474
1155 0.00129441
1156 0.00128175
1157 0.00138465
1158 0.00133715
1159 0.00129017
1160 0.00131057
1161 0.00139908
1162 0.00134044
1163 0.00131393
1164 0.00134588
1165 0.00137992
1166 0.00137424
1167 0.00132019
1168 0.00130829
1169 0.0013064
1170 0.00131495
1171 0.00131607
1172 0.001325
1173 0.00133734
1174 0.00131216
1175 0.00137893
1176 0.00143439
1177 0.00135388
1178 0.00134533
1179 0.001347
1180 0.00132728
1181 0.00139156
1182 0.00132117
1183 0.00144031
1184 0.00136072
1185 0.00131096
1186 0.00133854
1187 0.00139128
1188 0.00140006
1189 0.00137294
1190 0.0013706
1191 0.00134111
1192 0.00133601
1193 0.00139701
1194 0.00140382
1195 0.00139773
1196 0.00139615
1197 0.00146483
1198 0.00145168
1199 0.00139818
1200 0.00143372
1201 0.0014038
1202 0.00140042
1203 0.0014058
1204 0.00146527
1205 0.00144356
1206 0.00138704
1207 0.00140492
1208 0.00140569
1209 0.00144984
1210 0.0014473
1211 0.0015076
1212 0.00147237
1213 0.00142339
1214 0.00140368
1215 0.00142138
1216 0.00142267
1217 0.00146068
1218 0.00143101
1219 0.00150122
1220 0.00142552
1221 0.00142187
1222 0.00149941
1223 0.00141765
1224 0.00143262
1225 0.00143465
1226 0.00151328
1227 0.00144009
1228 0.00142219
1229 0.00144775
1230 0.00142987
1231 0.00145613
1232 0.00153333
1233 0.00146144
1234 0.00146593
1235 0.00149771
1236 0.00148172
1237 0.00145667
1238 0.00149487
1239 0.00148261
1240 0.00147294
1241 0.00152496
1242 0.00173863
1243 0.00147765
1244 0.00145852
1245 0.00146728
1246 0.00145712
1247 0.00147051
1248 0.00152584
1249 0.00153005
1250 0.00148448
1251 0.00147314
1252 0.0014825
1253 0.00148349
1254 0.00151086
1255 0.00150106
1256 0.00148258
1257 0.00155453
1258 0.00160163
1259 0.00151882
1260 0.00159808
1261 0.00159055
1262 0.00152517
1263 0.00152351
1264 0.00154277
1265 0.00154535
1266 0.0015442
1267 0.00159778
1268 0.00155271
1269 0.00156477
1270 0.00171445
1271 0.00155745
1272 0.00155758
1273 0.00159652
1274 0.0015485
1275 0.00158404
1276 0.00158897
1277 0.00164604
1278 0.00158924
1279 0.00157524
1280 0.00158993
1281 0.00158279
1282 0.00157903
1283 0.00157597
1284 0.00157762
1285 0.00163941
1286 0.00160625
1287 0.00159091
1288 0.00174915
1289 0.00159684
1290 0.00162136
1291 0.00162272
1292 0.0019164
1293 0.00167107
1294 0.00163259
1295 0.00160905
1296 0.0016438
1297 0.00168827
1298 0.00163806
1299 0.00163951
1300 0.00171288
1301 0.00166321
1302 0.00166465
1303 0.00163726
1304 0.00163352
1305 0.00163829
1306 0.0016338
1307 0.00162367
1308 0.00165369
1309 0.00181002
1310 0.00164098
1311 0.00164319
1312 0.00166145
1313 0.00175593
1314 0.0016358
1315 0.00160933
1316 0.00162732
1317 0.0016567
1318 0.00172824
1319 0.00163694
1320 0.00165471
1321 0.00166496
1322 0.00166413
1323 0.0016901
1324 0.00165947
1325 0.0016566
1326 0.00176521
1327 0.00171159
1328 0.00170683
1329 0.00172826
1330 0.00167477
1331 0.00181449
1332 0.00173724
1333 0.0017258
1334 0.00175307
1335 0.00168983
1336 0.00166122
1337 0.00168578
1338 0.00176893
1339 0.00172218
1340 0.00169567
1341 0.00172984
1342 0.00170714
1343 0.00169178
1344 0.00169557
1345 0.00175977
1346 0.00189453
1347 0.00189088
1348 0.00176661
1349 0.00172797
1350 0.00175905
1351 0.00174744
1352 0.00173216
1353 0.00184509
1354 0.00173891
1355 0.00174153
1356 0.00177846
1357 0.00173195
1358 0.00176985
1359 0.00175925
1360 0.0017927
1361 0.00182727
1362 0.00185222
1363 0.00177785
1364 0.00189853
1365 0.00179325
1366 0.00183666
1367 0.00182843
1368 0.00180743
1369 0.00182006
1370 0.00182102
1371 0.00185231
1372 0.00181871
1373 0.00191938
1374 0.00184226
1375 0.00181727
1376 0.00183299
1377 0.00183564
1378 0.00181431
1379 0.00183489
1380 0.00182138
1381 0.00181617
1382 0.001851
1383 0.00184142
1384 0.00184703
1385 0.00186122
1386 0.00178155
1387 0.00180071
1388 0.00184675
1389 0.00182717
1390 0.00182205
1391 0.00185134
1392 0.00197458
1393 0.00184269
1394 0.00183285
1395 0.00183924
1396 0.00187332
1397 0.00181101
1398 0.00182155
1399 0.00182509
1400 0.00185649
1401 0.0018406
1402 0.00186747
1403 0.00188992
1404 0.00189647
1405 0.00203969
1406 0.00189878
1407 0.00189064
1408 0.00190123
1409 0.00194242
1410 0.00213802
1411 0.00192042
1412 0.00187186
1413 0.00187536
1414 0.0019004
1415 0.00193681
1416 0.00192494
1417 0.00190391
1418 0.00192557
1419 0.00190663
1420 0.00199587
1421 0.0019721
1422 0.00192306
1423 0.00192733
1424 0.00191787
1425 0.00215962
1426 0.00204345
1427 0.00196705
1428 0.00196002
1429 0.00195788
1430 0.00194421
1431 0.0019373
1432 0.00207632
1433 0.00199573
1434 0.0019709
1435 0.00198759
1436 0.00198614
1437 0.00195498
1438 0.00197787
1439 0.00194789
1440 0.00199144
1441 0.00194788
1442 0.00196143
1443 0.00194135
1444 0.00205449
1445 0.00196847
1446 0.00198799
1447 0.0019906
1448 0.00200719
1449 0.00200101
1450 0.00205594
1451 0.00198372
1452 0.00199764
1453 0.00198471
1454 0.00201067
1455 0.00208997
1456 0.00199131
1457 0.00201538
1458 0.00209273
1459 0.00200598
1460 0.00201195
1461 0.00202163
1462 0.00201204
1463 0.00203301
1464 0.00203522
1465 0.00203192
1466 0.00203908
1467 0.00205608
1468 0.00206896
1469 0.00204444
1470 0.00200325
1471 0.0020545
1472 0.0020543
1473 0.00207111
1474 0.00207742
1475 0.00205869
1476 0.00211514
1477 0.00207704
1478 0.0020745
1479 0.00208389
1480 0.00214127
1481 0.00210155
1482 0.00211268
1483 0.00216342
1484 0.00209944
1485 0.00214092
1486 0.00213566
1487 0.00208809
1488 0.00211996
1489 0.00213768
1490 0.0021151
1491 0.00212236
1492 0.00215122
1493 0.00213323
1494 0.00213084
1495 0.00216737
1496 0.00230122
1497 0.00213916
1498 0.00214842
1499 0.00215936
1500 0.00212552
1501 0.00229861
1502 0.00220892
1503 0.00218282
1504 0.00213767
1505 0.00213826
1506 0.00216258
1507 0.0021498
1508 0.0021761
1509 0.00213247
1510 0.00222805
1511 0.00218311
1512 0.00223263
1513 0.00216926
1514 0.00220308
1515 0.00216507
1516 0.00218659
1517 0.00217149
1518 0.00228955
1519 0.00222371
1520 0.00221219
1521 0.00225975
1522 0.00218674
1523 0.00219539
1524 0.00217088
1525 0.00217922
1526 0.00218472
1527 0.00219906
1528 0.00220475
1529 0.00220879
1530 0.0022104
1531 0.00225295
1532 0.00222403
1533 0.00229475
1534 0.00219289
1535 0.00220126
1536 0.00225622
1537 0.00225092
1538 0.00225651
1539 0.00223278
1540 0.00224708
1541 0.00223959
1542 0.00233997
1543 0.00237613
1544 0.00231292
1545 0.00223384
1546 0.00223089
1547 0.00245135
1548 0.0025429
1549 0.00228986
1550 0.00228644
1551 0.00231949
1552 0.00231349
1553 0.0024553
1554 0.00229804
1555 0.0023421
1556 0.00231567
1557 0.00233616
1558 0.00230875
1559 0.00231685
1560 0.00246456
1561 0.00319544
1562 0.00237949
1563 0.00251411
1564 0.00244859
1565 0.00243871
1566 0.00241353
1567 0.00237783
1568 0.0024148
1569 0.00239449
1570 0.00237115
1571 0.00242137
1572 0.00240506
1573 0.00240342
1574 0.00236024
1575 0.00235353
1576 0.00237466
1577 0.00238897
1578 0.00239328
1579 0.00236705
1580 0.00239601
1581 0.00239192
1582 0.00237611
1583 0.00236675
1584 0.00245751
1585 0.00249923
1586 0.0024966
1587 0.00239981
1588 0.00239753
1589 0.00237088
1590 0.0023767
1591 0.00243215
1592 0.00242167
1593 0.00240545
1594 0.00242788
1595 0.00244849
1596 0.00241401
1597 0.00242566
1598 0.00240664
1599 0.00246156
1600 0.00247934
1601 0.00241741
1602 0.00243212
1603 0.00243775
1604 0.00244827
1605 0.00246874
1606 0.00245445
1607 0.00244326
1608 0.0024237
1609 0.00244644
1610 0.00252818
1611 0.00241832
1612 0.00245367
1613 0.00246241
1614 0.00249267
1615 0.00243274
1616 0.00258098
1617 0.00253311
1618 0.00254038
1619 0.00252607
1620 0.00252866
1621 0.0025077
1622 0.00250277
1623 0.00248894
1624 0.00251259
1625 0.00249146
1626 0.00250655
1627 0.00247475
1628 0.00254396
1629 0.00250504
1630 0.00261303
1631 0.00252734
1632 0.00256618
1633 0.00257024
1634 0.00252281
1635 0.00253577
1636 0.00252339
1637 0.00252479
1638 0.00253695
1639 0.00254514
1640 0.00251524
1641 0.00254177
1642 0.00252177
1643 0.0025784
1644 0.00250664
1645 0.00253555
1646 0.00253504
1647 0.002547
1648 0.00255713
1649 0.0025797
1650 0.00324993
1651 0.00273091
1652 0.00261855
1653 0.0025711
1654 0.00259639
1655 0.00267824
1656 0.00262766
1657 0.00259163
1658 0.00260144
1659 0.00286645
1660 0.00330603
1661 0.00281719
1662 0.0026432
1663 0.00267129
1664 0.00264156
1665 0.00271679
1666 0.00259636
1667 0.00263305
1668 0.00268222
1669 0.00269176
1670 0.00272332
1671 0.00284001
1672 0.00271896
1673 0.00265366
1674 0.00263583
1675 0.00288401
1676 0.00285308
1677 0.0027935
1678 0.00275104
1679 0.00271652
1680 0.00287093
1681 0.00275571
1682 0.00282023
1683 0.0027155
1684 0.00273304
1685 0.00272074
1686 0.00273251
1687 0.00275557
1688 0.00274701
1689 0.00292179
1690 0.00272906
1691 0.00273303
1692 0.00273544
1693 0.00272377
1694 0.00272993
1695 0.00272214
1696 0.00299864
1697 0.00286333
1698 0.00285451
1699 0.00276271
1700 0.00277151
1701 0.00278981
1702 0.00282009
1703 0.0028562
1704 0.00280965
1705 0.00278919
1706 0.00284959
1707 0.00282755
1708 0.00275515
1709 0.00280539
1710 0.00277859
1711 0.00278524
1712 0.00283742
1713 0.00281497
1714 0.00281605
1715 0.00279486
1716 0.00292994
1717 0.00295044
1718 0.0028912
1719 0.00294259
1720 0.00279562
1721 0.00282162
1722 0.00281485
1723 0.00283041
1724 0.00284561
1725 0.00282447
1726 0.00288094
1727 0.00291857
1728 0.0029183
1729 0.00287889
1730 0.00291492
1731 0.00287533
1732 0.00289565
1733 0.00288638
1734 0.00304105
1735 0.00292531
1736 0.00292286
1737 0.00287574
1738 0.00286351
1739 0.00295304
1740 0.00287806
1741 0.00288418
1742 0.00290431
1743 0.00291027
1744 0.00286735
1745 0.00298858
1746 0.0029883
1747 0.00294224
1748 0.0029292
1749 0.00289317
1750 0.0028669
1751 0.00293252
1752 0.0029222
1753 0.00293485
1754 0.00291167
1755 0.00298944
1756 0.00296163
1757 0.00298624
1758 0.00298944
1759 0.00313268
1760 0.00293489
1761 0.00294207
1762 0.00298353
1763 0.00299128
1764 0.00304395
1765 0.00300486
1766 0.00297961
1767 0.00328183
1768 0.00292413
1769 0.00294103
1770 0.00298923
1771 0.00313081
1772 0.00302159
1773 0.00304493
1774 0.00310925
1775 0.00307833
1776 0.00319941
1777 0.00316045
1778 0.00313702
1779 0.00304398
1780 0.00310133
1781 0.0030838
1782 0.00306792
1783 0.00309914
1784 0.00307745
1785 0.00304349
1786 0.00309064
1787 0.0032082
1788 0.00307162
1789 0.00309456
1790 0.00304584
1791 0.00308623
1792 0.0030688
1793 0.0031044
1794 0.00330043
1795 0.00311058
1796 0.00308762
1797 0.00318553
1798 0.00308739
1799 0.00311666
1800 0.00310929
1801 0.00313771
1802 0.00313725
1803 0.0031791
1804 0.00318416
1805 0.00323113
1806 0.00311311
1807 0.00307932
1808 0.00309535
1809 0.00321163
1810 0.00317443
1811 0.00320143
1812 0.00319481
1813 0.00314094
1814 0.00314815
1815 0.00314949
1816 0.00323155
1817 0.00318585
1818 0.00316266
1819 0.00315872
1820 0.00315378
1821 0.00339445
1822 0.00325989
1823 0.00321631
1824 0.00317849
1825 0.00315731
1826 0.00318433
1827 0.00318397
1828 0.00320577
1829 0.00319786
1830 0.00319183
1831 0.00323304
1832 0.00324461
1833 0.00324905
1834 0.00330357
1835 0.00326084
1836 0.00335602
1837 0.00323698
1838 0.00328287
1839 0.00329359
1840 0.00323139
1841 0.00321844
1842 0.00322373
1843 0.0032511
1844 0.00328988
1845 0.00330661
1846 0.00327715
1847 0.00329186
1848 0.00327955
1849 0.00328925
1850 0.00332463
1851 0.00326724
1852 0.00334266
1853 0.00335085
1854 0.00337615
1855 0.00328897
1856 0.00331371
1857 0.00332471
1858 0.00329613
1859 0.00334583
1860 0.00330414
1861 0.00328105
1862 0.00332993
1863 0.00331451
1864 0.00330785
1865 0.00331628
1866 0.00328995
1867 0.0034782
1868 0.00335387
1869 0.00354777
1870 0.00342963
1871 0.00338264
1872 0.0034123
1873 0.00339332
1874 0.00330836
1875 0.00337681
1876 0.00345311
1877 0.0033509
1878 0.0033472
1879 0.00337918
1880 0.0033627
1881 0.00339479
1882 0.0033889
1883 0.00335528
1884 0.00332798
1885 0.00340638
1886 0.00335972
1887 0.00354281
1888 0.00347704
1889 0.00340734
1890 0.00350248
1891 0.00340448
1892 0.00346813
1893 0.0033692
1894 0.00340599
1895 0.0034378
1896 0.00344521
1897 0.00337569
1898 0.00342321
1899 0.00347193
1900 0.00344179
1901 0.00341289
1902 0.00352818
1903 0.00364879
1904 0.00358032
1905 0.00349315
1906 0.00346959
1907 0.00346041
1908 0.00343456
1909 0.0035087
1910 0.003462
1911 0.00347955
1912 0.00351645
1913 0.00355845
1914 0.00347995
1915 0.0035036
1916 0.00350726
1917 0.00348259
1918 0.00347002
1919 0.0036449
1920 0.00365452
1921 0.00359471
1922 0.00378275
1923 0.00355296
1924 0.00351763
1925 0.00370542
1926 0.00351781
1927 0.00355823
1928 0.00355826
1929 0.00355641
1930 0.00358137
1931 0.00358515
1932 0.00357043
1933 0.0035387
1934 0.00356517
1935 0.00359952
1936 0.00392711
1937 0.00478877
1938 0.00480303
1939 0.00378341
1940 0.00358206
1941 0.00360506
1942 0.00385952
1943 0.00358957
1944 0.00361393
1945 0.00363057
1946 0.00360749
1947 0.00359667
1948 0.00358022
1949 0.00379784
1950 0.00370973
1951 0.00364934
1952 0.00375746
1953 0.00368823
1954 0.00368191
1955 0.00361554
1956 0.00370488
1957 0.00374026
1958 0.00367736
1959 0.00368629
1960 0.00365144
1961 0.00373623
1962 0.00368449
1963 0.00371031
1964 0.00364545
1965 0.00368834
1966 0.0036967
1967 0.0036831
1968 0.00372659
1969 0.00373451
1970 0.00368363
1971 0.00370458
1972 0.00378428
1973 0.0037837
1974 0.00377798
1975 0.00374191
1976 0.00373275
1977 0.0037511
1978 0.0037091
1979 0.00376327
1980 0.00373287
1981 0.00443245
1982 0.00376463
1983 0.00375824
1984 0.00383271
1985 0.0038333
1986 0.00375423
1987 0.00375234
1988 0.00379236
1989 0.00386438
1990 0.003939
1991 0.00380691
1992 0.00381995
1993 0.0037739
1994 0.00379594
1995 0.00374127
1996 0.0038047
1997 0.00382118
1998 0.00383922
1999 0.003901
2000 0.00383844
2001 0.00384348
2002 0.00384529
2003 0.00382014
2004 0.0038517
2005 0.00381697
2006 0.00386299
2007 0.00394986
2008 0.00386373
2009 0.00381938
2010 0.00384908
2011 0.00383994
2012 0.00383975
2013 0.00385848
2014 0.00390022
2015 0.00388575
2016 0.00388911
2017 0.00384709
2018 0.00389406
2019 0.00393346
2020 0.00400637
2021 0.00387204
2022 0.00394578
2023 0.0038651
2024 0.00383414
2025 0.00388256
2026 0.00394638
2027 0.00395847
2028 0.00399765
2029 0.00401325
2030 0.00389816
2031 0.00388929
2032 0.00390854
2033 0.00390761
2034 0.00397267
2035 0.00395466
2036 0.00388571
2037 0.00398222
2038 0.00395921
2039 0.00392988
2040 0.00392713
2041 0.00497383
2042 0.00433871
2043 0.00396617
2044 0.00407885
2045 0.00395073
2046 0.00394003
2047 0.00397516
2048 0.00401208
2049 0.00401297
2050 0.0039884
2051 0.00401267
2052 0.00404699
2053 0.00398742
2054 0.00409535
2055 0.00403585
2056 0.00401068
2057 0.00417802
2058 0.00405947
2059 0.00441676
2060 0.00416284
2061 0.00401052
2062 0.00407071
2063 0.00409357
2064 0.00408807
2065 0.00401742
2066 0.00416262
2067 0.00402515
2068 0.00413403
2069 0.00404882
2070 0.00412193
2071 0.00414805
2072 0.00414511
2073 0.00420007
2074 0.00410333
2075 0.00406314
2076 0.00423058
2077 0.00426762
2078 0.00416208
2079 0.00413908
2080 0.00417779
2081 0.00411471
2082 0.0041245
2083 0.00409788
2084 0.00408451
2085 0.00413955
2086 0.00431602
2087 0.00434659
2088 0.0041987
2089 0.00417552
2090 0.0041683
2091 0.00444548
2092 0.00418959
2093 0.0041824
2094 0.00419182
2095 0.00414771
2096 0.00428488
2097 0.00418162
2098 0.0044559
2099 0.00432766
2100 0.00425563
2101 0.00432964
2102 0.00421299
2103 0.00427399
2104 0.00428732
2105 0.00425952
2106 0.00425102
2107 0.00425667
2108 0.00420885
2109 0.00421623
2110 0.00443955
2111 0.0042592
2112 0.00433976
2113 0.00431038
2114 0.00437874
2115 0.00424197
2116 0.00422245
2117 0.00428142
2118 0.00428434
2119 0.00429539
2120 0.00428596
2121 0.00440457
2122 0.00423058
2123 0.00426677
2124 0.00423939
2125 0.00435005
2126 0.0042981
2127 0.0043045
2128 0.00435323
2129 0.00427331
2130 0.00429417
2131 0.00435698
2132 0.00432944
2133 0.00441428
2134 0.00439859
2135 0.00435085
2136 0.00431358
2137 0.00434565
2138 0.00432986
2139 0.00445017
2140 0.00438989
2141 0.00438937
2142 0.00457181
2143 0.00427888
2144 0.00445619
2145 0.00440194
2146 0.00439366
2147 0.00435533
2148 0.00447292
2149 0.0043715
2150 0.00441253
2151 0.00438614
2152 0.00437897
2153 0.00445935
2154 0.00446072
2155 0.00459332
2156 0.00442883
2157 0.00446845
2158 0.00449299
2159 0.00442029
2160 0.00443484
2161 0.00439606
2162 0.00437106
2163 0.00441054
2164 0.00443933
2165 0.00470246
2166 0.00464613
2167 0.00456459
2168 0.0045423
2169 0.00447414
2170 0.00449105
2171 0.00448727
2172 0.00452169
2173 0.00447528
2174 0.00456766
2175 0.00454775
2176 0.00453757
2177 0.00454633
2178 0.00456197
2179 0.00452794
2180 0.00450417
2181 0.00460813
2182 0.00458062
2183 0.00447112
2184 0.00463051
2185 0.00451603
2186 0.00467961
2187 0.00462609
2188 0.00459203
2189 0.00458871
2190 0.00455949
2191 0.00463603
2192 0.00457491
2193 0.00466711
2194 0.00458107
2195 0.0046434
2196 0.00469062
2197 0.00476383
2198 0.00469558
2199 0.00471104
2200 0.00459066
2201 0.00467866
2202 0.00464901
2203 0.00466452
2204 0.00460858
2205 0.00467694
2206 0.00458436
2207 0.00469191
2208 0.00471625
2209 0.00476351
2210 0.00468934
2211 0.0047796
2212 0.00475614
2213 0.00472805
2214 0.00474849
2215 0.00469456
2216 0.00483122
2217 0.00472938
2218 0.00476196
2219 0.00476835
2220 0.00475624
2221 0.00483577
2222 0.0048788
2223 0.00479843
2224 0.00472652
2225 0.00479589
2226 0.00483717
2227 0.00486261
2228 0.00487807
2229 0.0048267
2230 0.00486922
2231 0.00479042
2232 0.00474765
2233 0.00475337
2234 0.00475257
2235 0.00483184
2236 0.0048761
2237 0.00479599
2238 0.00495713
2239 0.00480846
2240 0.004987
2241 0.00489961
2242 0.00484998
2243 0.00491326
2244 0.00492371
2245 0.00501797
2246 0.00491852
2247 0.00492791
2248 0.00494974
2249 0.00496338
2250 0.00496698
2251 0.00499542
2252 0.00541583
2253 0.00497836
2254 0.00499469
2255 0.00498765
2256 0.00494576
2257 0.004914
2258 0.00490844
2259 0.00493737
2260 0.00493586
2261 0.00493433
2262 0.00496511
2263 0.00499983
2264 0.00493619
2265 0.00492523
2266 0.00495617
2267 0.00504818
2268 0.00504823
2269 0.00519645
2270 0.00496368
2271 0.0050271
2272 0.00512152
2273 0.00505463
2274 0.00501837
2275 0.00504235
2276 0.00499214
2277 0.00513539
2278 0.00513502
2279 0.00508525
2280 0.00510239
2281 0.00512768
2282 0.00510767
2283 0.0051508
2284 0.00504709
2285 0.00514303
2286 0.00504994
2287 0.00520363
2288 0.00501527
2289 0.00516159
2290 0.00518277
2291 0.00552112
2292 0.00520097
2293 0.00511128
2294 0.00512691
2295 0.00511386
2296 0.00511531
2297 0.00515085
2298 0.00503897
2299 0.00500641
2300 0.00495418
2301 0.00491512
2302 0.00502073
2303 0.00495581
2304 0.00479371
2305 0.00495302
2306 0.00492714
2307 0.00486781
2308 0.00498357
2309 0.00492439
2310 0.00490267
2311 0.00493636
2312 0.00490963
2313 0.00490361
2314 0.00493055
2315 0.00487957
2316 0.00491264
2317 0.00496923
2318 0.00492586
2319 0.00492942
2320 0.00491374
2321 0.00496437
2322 0.00489114
2323 0.00498322
2324 0.00501076
2325 0.00495033
2326 0.00493388
2327 0.00486535
2328 0.00498612
2329 0.00496544
2330 0.00488576
2331 0.00490306
2332 0.00496581
2333 0.00485694
2334 0.00501383
2335 0.00498172
2336 0.00498279
2337 0.00501247
2338 0.00498572
2339 0.00496849
2340 0.00505144
2341 0.00490109
2342 0.00501142
2343 0.00498577
2344 0.00507085
2345 0.00502221
2346 0.0050863
2347 0.0049929
2348 0.00493025
2349 0.00505885
2350 0.0051254
2351 0.00508026
2352 0.00504711
2353 0.00506471
2354 0.00496474
2355 0.00502395
2356 0.00503835
2357 0.0049719
2358 0.00497944
2359 0.00505955
2360 0.00503403
2361 0.00505211
2362 0.00499758
2363 0.00503369
2364 0.00507851
2365 0.00500143
2366 0.00509531
2367 0.0050932
2368 0.00511758
2369 0.00512043
2370 0.00513057
2371 0.00507564
2372 0.00508051
2373 0.00511779
2374 0.00513179
2375 0.00504619
2376 0.00488941
2377 0.00521857
2378 0.00513078
2379 0.00507865
2380 0.0050251
2381 0.00512577
2382 0.00520199
2383 0.00514463
2384 0.00513324
2385 0.00515167
2386 0.00512522
2387 0.00514731
2388 0.00512994
2389 0.00515884
2390 0.00513554
2391 0.00519865
2392 0.00519012
2393 0.00520835
2394 0.00519274
2395 0.00517333
2396 0.00520208
2397 0.00527141
2398 0.00519461
2399 0.00527116
2400 0.00523144
2401 0.00517907
2402 0.00523796
2403 0.00526066
2404 0.00524682
2405 0.00523918
2406 0.00519764
2407 0.00527652
2408 0.00524876
2409 0.00523215
2410 0.00525623
2411 0.00515435
2412 0.00519729
2413 0.0052499
2414 0.00518169
2415 0.00535696
2416 0.00528108
2417 0.00523713
2418 0.00525762
2419 0.00529544
2420 0.00529688
2421 0.00534504
2422 0.00518448
2423 0.00529791
2424 0.00524442
2425 0.00529665
2426 0.00522048
2427 0.00531163
2428 0.00531767
2429 0.00531953
2430 0.0053861
2431 0.00516645
2432 0.00529501
2433 0.00528693
2434 0.00520963
2435 0.00526653
2436 0.00525811
2437 0.00533468
2438 0.00533429
2439 0.00533838
2440 0.00528228
2441 0.00532419
2442 0.00537833
2443 0.00532797
2444 0.00531733
2445 0.00528637
2446 0.00536788
2447 0.00533205
2448 0.00533391
2449 0.00532916
2450 0.00534608
2451 0.00537871
2452 0.00536082
2453 0.00547793
2454 0.00538164
2455 0.00537221
2456 0.00535108
2457 0.00539237
2458 0.00540179
2459 0.00547108
2460 0.00545774
2461 0.00543211
2462 0.00536243
2463 0.00536068
2464 0.00549928
2465 0.00547683
2466 0.00541754
2467 0.0054112
2468 0.00540873
2469 0.00547518
2470 0.0053974
2471 0.00548168
2472 0.00543995
2473 0.00543831
2474 0.00549857
2475 0.00546078
2476 0.00544772
2477 0.00545136
2478 0.00549296
2479 0.00546741
2480 0.00546542
2481 0.00543051
2482 0.00548095
2483 0.00550577
2484 0.00550145
2485 0.00552304
2486 0.00549797
2487 0.00560444
2488 0.00546874
2489 0.00552175
2490 0.00552336
2491 0.00549598
2492 0.00554066
2493 0.00552579
2494 0.00557635
2495 0.00546662
2496 0.00549446
2497 0.00557371
2498 0.00550436
2499 0.00546841
2500 0.00552966
2501 0.00555987
2502 0.00551012
2503 0.005559
2504 0.00558866
2505 0.00558229
2506 0.00553963
2507 0.00557421
2508 0.00557348
2509 0.00555433
2510 0.00556862
2511 0.00562119
2512 0.00559755
2513 0.00565139
2514 0.0055722
2515 0.00553396
2516 0.00564536
2517 0.00562998
2518 0.00561011
2519 0.00566885
2520 0.00558632
2521 0.00563134
2522 0.0055984
2523 0.0056111
2524 0.00560111
2525 0.00567281
2526 0.00575975
2527 0.00564732
2528 0.00563979
2529 0.00569443
2530 0.00560339
2531 0.00569099
2532 0.00565407
2533 0.00571271
2534 0.00561631
2535 0.00571246
2536 0.005705
2537 0.0055835
2538 0.00570939
2539 0.00567517
2540 0.00570568
2541 0.0057312
2542 0.00568917
2543 0.00571147
2544 0.0056434
2545 0.00574012
2546 0.00579003
2547 0.0057728
2548 0.00573066
2549 0.00564296
2550 0.00568246
2551 0.00576551
2552 0.00572317
2553 0.00566231
2554 0.00572083
2555 0.0057709
2556 0.00577638
2557 0.00578649
2558 0.00578767
2559 0.00589094
2560 0.00571139
2561 0.0058417
2562 0.0058204
2563 0.00573222
2564 0.00590881
2565 0.00584377
2566 0.00587954
2567 0.0057173
2568 0.00578149
2569 0.00585106
2570 0.00587609
2571 0.00587119
2572 0.00575865
2573 0.00587114
2574 0.00589169
2575 0.00586781
2576 0.00587067
2577 0.00586738
2578 0.00585087
2579 0.00591522
2580 0.00594584
2581 0.00591389
2582 0.00590949
2583 0.00594379
2584 0.0059254
2585 0.00595883
2586 0.00588853
2587 0.00588126
2588 0.00595026
2589 0.00597512
2590 0.0059229
2591 0.00597706
2592 0.00592213
2593 0.00592061
2594 0.00596961
2595 0.00593123
2596 0.00586399
2597 0.00600596
2598 0.00595818
2599 0.00597424
2600 0.00598786
2601 0.00601709
2602 0.00597824
2603 0.00598262
2604 0.00604841
2605 0.00602882
2606 0.00598931
2607 0.00599769
2608 0.0059987
2609 0.00600284
2610 0.00596475
2611 0.00602125
2612 0.00600573
2613 0.00603699
2614 0.00605805
2615 0.00606184
2616 0.00611726
2617 0.00603157
2618 0.00613709
2619 0.00607595
2620 0.00605545
2621 0.00609144
2622 0.00606705
2623 0.00612524
2624 0.00611433
2625 0.006084
2626 0.00604614
2627 0.0060927
2628 0.00614577
2629 0.00607421
2630 0.00610125
2631 0.00612522
2632 0.00606975
2633 0.0061412
2634 0.0060653
2635 0.00609647
2636 0.00597164
2637 0.00614203
2638 0.00615379
2639 0.00615307
2640 0.0061198
2641 0.00612077
2642 0.00613143
2643 0.00615588
2644 0.00609608
2645 0.00617669
2646 0.00611651
2647 0.00637899
2648 0.00630624
2649 0.00620729
2650 0.00621835
2651 0.00616597
2652 0.00614749
2653 0.00625027
2654 0.00618805
2655 0.00619921
2656 0.00630309
2657 0.00635232
2658 0.00615822
2659 0.00619778
2660 0.00623899
2661 0.00624088
2662 0.00629312
2663 0.00624368
2664 0.00626627
2665 0.0062965
2666 0.00628758
2667 0.00619244
2668 0.00628336
2669 0.00628147
2670 0.00624415
2671 0.00623698
2672 0.00624994
2673 0.00622893
2674 0.0062735
2675 0.00621084
2676 0.00627642
2677 0.00625817
2678 0.00628917
2679 0.00627663
2680 0.0063046
2681 0.0062213
2682 0.0063028
2683 0.00623068
2684 0.00634983
2685 0.006338
2686 0.0063752
2687 0.00638136
2688 0.00632407
2689 0.00631231
2690 0.00627679
2691 0.00639648
2692 0.0064338
2693 0.0064252
2694 0.00638478
2695 0.00636597
2696 0.00639948
2697 0.00637708
2698 0.00637649
2699 0.00640027
2700 0.00640009
2701 0.00638542
2702 0.00639813
2703 0.00640324
2704 0.00647057
2705 0.00642298
2706 0.0063938
2707 0.00643378
2708 0.0064606
2709 0.00644317
2710 0.00639813
2711 0.00649798
2712 0.00646717
2713 0.00646939
2714 0.00651479
2715 0.00646769
2716 0.00650415
2717 0.00650005
2718 0.00658961
2719 0.00649355
2720 0.00656054
2721 0.00647964
2722 0.00645139
2723 0.00657096
2724 0.00654538
2725 0.00656744
2726 0.00656232
2727 0.0065549
2728 0.00648443
2729 0.00653145
2730 0.00655338
2731 0.00659841
2732 0.00659384
2733 0.00655495
2734 0.00654165
2735 0.00666038
2736 0.00666498
2737 0.00670729
2738 0.00661042
2739 0.00661892
2740 0.0066578
2741 0.00659082
2742 0.00651627
2743 0.00669972
2744 0.00661548
2745 0.00655631
2746 0.00657011
2747 0.00659668
2748 0.00663085
2749 0.00686658
2750 0.00674244
2751 0.00835617
2752 0.00671201
2753 0.00668161
2754 0.00666821
2755 0.00666097
2756 0.00669471
2757 0.00682449
2758 0.00669629
2759 0.00667924
2760 0.00663533
2761 0.00668923
2762 0.00663385
2763 0.0067108
2764 0.00667524
2765 0.00669817
2766 0.00673337
2767 0.00664167
2768 0.00656181
2769 0.00675879
2770 0.00668477
2771 0.0066883
2772 0.00666639
2773 0.00673663
2774 0.00671347
2775 0.00682117
2776 0.00670894
2777 0.00673715
2778 0.00671111
2779 0.00678627
2780 0.00676421
2781 0.00675762
2782 0.0067405
2783 0.00672818
2784 0.00678924
2785 0.00680375
2786 0.00678388
2787 0.00666117
2788 0.00678579
2789 0.00677442
2790 0.00673344
2791 0.0067418
2792 0.0067893
2793 0.00681578
2794 0.0067457
2795 0.00679234
2796 0.00682314
2797 0.00685296
2798 0.00681959
2799 0.00682867
2800 0.00682142
2801 0.00685268
2802 0.00685158
2803 0.00682713
2804 0.00685527
2805 0.0067154
2806 0.00684666
2807 0.00698851
2808 0.00703806
2809 0.00692244
2810 0.00696188
2811 0.0068767
2812 0.00699512
2813 0.00680662
2814 0.00701876
2815 0.00693114
2816 0.00691407
2817 0.00686038
2818 0.00689717
2819 0.00686614
2820 0.00697022
2821 0.00694264
2822 0.00701111
2823 0.00697818
2824 0.00697001
2825 0.00698636
2826 0.00702551
2827 0.00704487
2828 0.00691982
2829 0.00702669
2830 0.00703017
2831 0.00696219
2832 0.00690722
2833 0.00696832
2834 0.00701532
2835 0.00713287
2836 0.00705939
2837 0.00696555
2838 0.00703143
2839 0.00707636
2840 0.00707976
2841 0.00708839
2842 0.0069926
2843 0.00707855
2844 0.00716277
2845 0.00718257
2846 0.00717609
2847 0.00710839
2848 0.00727154
2849 0.00711164
2850 0.00714342
2851 0.00708323
2852 0.00712197
2853 0.00711576
2854 0.00715172
2855 0.00702296
2856 0.00720608
2857 0.00710231
2858 0.00717534
2859 0.00715174
2860 0.00716343
2861 0.00703764
2862 0.00708994
2863 0.00716841
2864 0.00715298
2865 0.0072067
2866 0.00715885
2867 0.00723378
2868 0.00711585
2869 0.00719217
2870 0.00723577
2871 0.00718295
2872 0.00729388
2873 0.00718014
2874 0.00720432
2875 0.00719461
2876 0.00719213
2877 0.00721519
2878 0.00716179
2879 0.00724041
2880 0.00722682
2881 0.007181
2882 0.00718066
2883 0.00740292
2884 0.00723975
2885 0.00732746
2886 0.00717506
2887 0.00733834
2888 0.0072338
2889 0.0072599
2890 0.00725269
2891 0.007324
2892 0.00728777
2893 0.00725322
2894 0.00731623
2895 0.00733959
2896 0.0072005
2897 0.00719628
2898 0.00727698
2899 0.00721849
2900 0.00726289
2901 0.00726186
2902 0.00725987
2903 0.0073353
2904 0.00724075
2905 0.00734903
2906 0.0072975
2907 0.00720052
2908 0.0073087
2909 0.00727326
2910 0.00729149
2911 0.00720348
2912 0.00726284
2913 0.00730569
2914 0.0073015
2915 0.00739445
2916 0.00735466
2917 0.00753746
2918 0.00739475
2919 0.00734064
2920 0.00743746
2921 0.00743039
2922 0.00745379
2923 0.00736762
2924 0.00739178
2925 0.00746702
2926 0.00744883
2927 0.00741706
2928 0.00743758
2929 0.0073847
2930 0.00737144
2931 0.00746442
2932 0.00748799
2933 0.00761232
2934 0.00742688
2935 0.00747899
2936 0.00749689
2937 0.00745662
2938 0.00750347
2939 0.00751444
2940 0.00752922
2941 0.00758973
2942 0.00753665
2943 0.0075965
2944 0.0075723
2945 0.00752161
2946 0.00756961
2947 0.00761071
2948 0.00758359
2949 0.00759158
2950 0.00755002
2951 0.00773361
2952 0.00751903
2953 0.00755742
2954 0.00760632
2955 0.00761892
2956 0.00756984
2957 0.00769484
2958 0.00771523
2959 0.00766827
2960 0.00756934
2961 0.00769482
2962 0.00756028
2963 0.00763094
2964 0.0078077
2965 0.00764625
2966 0.00769543
2967 0.00759375
2968 0.00766364
2969 0.00781584
2970 0.00767944
2971 0.00765773
2972 0.00771623
2973 0.00769077
2974 0.00768024
2975 0.00772893
2976 0.0077462
2977 0.00771315
2978 0.0077242
2979 0.00774443
2980 0.00773659
2981 0.0077242
2982 0.00770379
2983 0.00778545
2984 0.00784175
2985 0.00775717
2986 0.0077933
2987 0.00781777
2988 0.00775292
2989 0.00773719
2990 0.00780123
2991 0.00775676
2992 0.00777764
2993 0.00772904
2994 0.00774049
2995 0.00790338
2996 0.00786397
2997 0.00774797
2998 0.00791399
2999 0.00792573
3000 0.00784912
3001 0.00779743
3002 0.00778669
3003 0.00791248
3004 0.00786008
3005 0.00780677
3006 0.00781764
3007 0.0077475
3008 0.00780802
3009 0.00790207
3010 0.00783629
3011 0.00797158
3012 0.00785122
3013 0.00788038
3014 0.0078306
3015 0.00799019
3016 0.00794029
3017 0.00796692
3018 0.00791937
3019 0.00804468
3020 0.0078984
3021 0.00790995
3022 0.00792478
3023 0.00811717
3024 0.0079767
3025 0.00795287
3026 0.00796059
3027 0.0079042
3028 0.00796488
3029 0.00798721
3030 0.00791217
3031 0.00803264
3032 0.00788511
3033 0.00810428
3034 0.00798036
3035 0.00795956
3036 0.00815187
3037 0.00813926
3038 0.00820569
3039 0.00803831
3040 0.00810541
3041 0.00808946
3042 0.00808852
3043 0.00802999
3044 0.00803952
3045 0.00806409
3046 0.0080736
3047 0.00804048
3048 0.00808727
3049 0.00805442
3050 0.00812281
3051 0.00803808
3052 0.00803897
3053 0.00802986
3054 0.00814539
3055 0.00827802
3056 0.00829173
3057 0.00816855
3058 0.00812827
3059 0.00810238
3060 0.00805554
3061 0.00818002
3062 0.00815086
3063 0.00812202
3064 0.00808224
3065 0.00808623
3066 0.0081317
3067 0.00807037
3068 0.00835578
3069 0.00819407
3070 0.00816427
3071 0.00824968
3072 0.0084773
3073 0.00833434
3074 0.00840003
3075 0.00825186
3076 0.008212
3077 0.008254
3078 0.00821064
3079 0.00826286
3080 0.00830744
3081 0.00829003
3082 0.00825241
3083 0.00816407
3084 0.00835682
3085 0.00837484
3086 0.0082987
3087 0.00836134
3088 0.0082618
3089 0.008143
3090 0.00827822
3091 0.00822468
3092 0.00827739
3093 0.00830348
3094 0.00824879
3095 0.00824212
3096 0.00826857
3097 0.0083488
3098 0.00831191
3099 0.00836527
3100 0.00834571
3101 0.00849088
3102 0.00835741
3103 0.0083929
3104 0.00838506
3105 0.00837589
3106 0.0083194
3107 0.00835295
3108 0.00837696
3109 0.0083208
3110 0.00842643
3111 0.00841672
3112 0.00854877
3113 0.0084249
3114 0.00842372
3115 0.00860332
3116 0.00833255
3117 0.00829656
3118 0.00838658
3119 0.00834821
3120 0.00839167
3121 0.00839473
3122 0.00841445
3123 0.00846354
3124 0.00842152
3125 0.00846538
3126 0.00852281
3127 0.00848281
3128 0.00840445
3129 0.00839813
3130 0.00838556
3131 0.00847917
3132 0.00845746
3133 0.00843889
3134 0.00849366
3135 0.00849794
3136 0.00841215
3137 0.00854799
3138 0.00847263
3139 0.00869065
3140 0.00853016
3141 0.00849457
3142 0.00856605
3143 0.00868916
3144 0.00850014
3145 0.0085533
3146 0.00854285
3147 0.008637
3148 0.00849173
3149 0.00852381
3150 0.00857353
3151 0.00867537
3152 0.00861097
3153 0.00858673
3154 0.00861137
3155 0.00864276
3156 0.00862124
3157 0.0089124
3158 0.00874258
3159 0.00866551
3160 0.00867771
3161 0.00886786
3162 0.00879317
3163 0.00866538
3164 0.00866447
3165 0.00871792
3166 0.00864263
3167 0.0086762
3168 0.00883293
3169 0.00866357
3170 0.00867255
3171 0.00882831
3172 0.00871613
3173 0.00871966
3174 0.00872372
3175 0.00870664
3176 0.00887346
3177 0.00884339
3178 0.00878341
3179 0.00887741
3180 0.0090247
3181 0.00869926
3182 0.00885578
3183 0.00875763
3184 0.00879758
3185 0.00886886
3186 0.00882528
3187 0.00871657
3188 0.00876675
3189 0.00877891
3190 0.0087566
3191 0.00878647
3192 0.00875032
3193 0.0088421
3194 0.00891151
3195 0.0087867
3196 0.0087904
3197 0.00882582
3198 0.00877987
3199 0.00880424
3200 0.00887729
3201 0.00877801
3202 0.00880649
3203 0.00892131
3204 0.00878582
3205 0.00880614
3206 0.00882162
3207 0.00901175
3208 0.0089159
3209 0.00899602
3210 0.00888711
3211 0.00889993
3212 0.00893649
3213 0.00886981
3214 0.00886823
3215 0.00903828
3216 0.00885084
3217 0.00907865
3218 0.00895299
3219 0.00890179
3220 0.00892043
3221 0.00891049
3222 0.00901105
3223 0.00896843
3224 0.00894773
3225 0.00888252
3226 0.00898796
3227 0.00894395
3228 0.00903231
3229 0.00897088
3230 0.00895495
3231 0.00910442
3232 0.00917207
3233 0.00907425
3234 0.00916204
3235 0.00906789
3236 0.00920007
3237 0.00921432
3238 0.00906942
3239 0.00907152
3240 0.00932175
3241 0.00918401
3242 0.00910953
3243 0.00922269
3244 0.00911429
3245 0.00916784
3246 0.00911338
3247 0.00921352
3248 0.00914772
3249 0.00911313
3250 0.00912804
3251 0.00908596
3252 0.00912392
3253 0.00915487
3254 0.0091992
3255 0.00910921
3256 0.00921038
3257 0.00913378
3258 0.00915428
3259 0.00914328
3260 0.00915843
3261 0.00930521
3262 0.00918385
3263 0.00913611
3264 0.00930147
3265 0.00932108
3266 0.0091499
3267 0.00929741
3268 0.00922131
3269 0.0092543
3270 0.00918399
3271 0.0093139
3272 0.00936205
3273 0.00929266
3274 0.00927446
3275 0.00957253
3276 0.00923121
3277 0.0091896
3278 0.0092792
3279 0.0093029
3280 0.00926985
3281 0.00927638
3282 0.00931505
3283 0.00934108
3284 0.00931118
3285 0.00937426
3286 0.00940304
3287 0.00931759
3288 0.00934546
3289 0.00935555
3290 0.00938047
3291 0.0093971
3292 0.00930742
3293 0.00942134
3294 0.00932734
3295 0.00937553
3296 0.00929138
3297 0.00942373
3298 0.00938632
3299 0.00957772
3300 0.00938746
3301 0.00935547
3302 0.00969226
3303 0.0094718
3304 0.00934623
3305 0.00936203
3306 0.00942388
3307 0.00941487
3308 0.00931242
3309 0.00942959
3310 0.00940892
3311 0.00937337
3312 0.00947264
3313 0.00972256
3314 0.00962335
3315 0.0094985
3316 0.00949493
3317 0.00942536
3318 0.00940685
3319 0.00943524
3320 0.00941274
3321 0.0094251
3322 0.00957746
3323 0.00955403
3324 0.00961153
3325 0.00952965
3326 0.00950806
3327 0.00985129
3328 0.00955652
3329 0.00951785
3330 0.00952593
3331 0.00962669
3332 0.00948488
3333 0.00962011
3334 0.00973396
3335 0.00954067
3336 0.00962935
3337 0.00966721
3338 0.00973039
3339 0.00966159
3340 0.00975423
3341 0.00979573
3342 0.0097973
3343 0.00976908
3344 0.00961032
3345 0.00970391
3346 0.00955876
3347 0.00960558
3348 0.00975929
3349 0.00969287
3350 0.0096191
3351 0.00992965
3352 0.00976336
3353 0.00987044
3354 0.00996593
3355 0.00972995
3356 0.00964976
3357 0.0097284
3358 0.00978508
3359 0.00989001
3360 0.00983046
3361 0.0098422
3362 0.00980656
3363 0.00986739
3364 0.00970578
3365 0.0097908
3366 0.00982739
3367 0.00975194
3368 0.00978791
3369 0.00984067
3370 0.00981423
3371 0.0100042
3372 0.0098026
3373 0.00977412
3374 0.00983566
3375 0.00993255
3376 0.0100605
3377 0.00990051
3378 0.00983189
3379 0.00993973
3380 0.00991865
3381 0.00983987
3382 0.00986099
3383 0.00981566
3384 0.00989615
3385 0.00989549
3386 0.00993763
3387 0.00979558
3388 0.0097867
3389 0.00988586
3390 0.00988358
3391 0.00990226
3392 0.00997542
3393 0.00995472
3394 0.00976169
3395 0.0100619
3396 0.00985156
3397 0.0100768
3398 0.00996961
3399 0.00994668
3400 0.0101081
3401 0.0101392
3402 0.0100867
3403 0.0101096
3404 0.00991199
3405 0.0100374
3406 0.00993225
3407 0.00999006
3408 0.0100154
3409 0.010125
3410 0.0101747
3411 0.00999177
3412 0.0101577
3413 0.0100112
3414 0.00996532
3415 0.010135
3416 0.00997178
3417 0.0101678
3418 0.0100019
3419 0.0101277
3420 0.0103381
3421 0.0100658
3422 0.0100167
3423 0.0100578
3424 0.0101893
3425 0.0101304
3426 0.0100791
3427 0.0102348
3428 0.0102572
3429 0.0101478
3430 0.0101446
3431 0.0102535
3432 0.0101144
3433 0.0103307
3434 0.0101311
3435 0.0103131
3436 0.0101018
3437 0.0104858
3438 0.0102682
3439 0.010103
3440 0.010272
3441 0.0104041
3442 0.0102023
3443 0.0099382
3444 0.0101801
3445 0.0101472
3446 0.0101964
3447 0.0102862
3448 0.0101309
3449 0.0101793
3450 0.0102
3451 0.0102006
3452 0.010257
3453 0.0103464
3454 0.0104558
3455 0.0106038
3456 0.0103403
3457 0.0102553
3458 0.0102547
3459 0.0102833
3460 0.010185
3461 0.010262
3462 0.0102921
3463 0.0105701
3464 0.0103851
3465 0.0103422
3466 0.0102676
3467 0.0104067
3468 0.0103552
3469 0.0103934
3470 0.0103682
3471 0.0102912
3472 0.0103673
3473 0.0106075
3474 0.0107142
3475 0.0105194
3476 0.0107048
3477 0.0104859
3478 0.0103246
3479 0.0105774
3480 0.0104043
3481 0.0103544
3482 0.0103361
3483 0.0104104
3484 0.0105982
3485 0.0107337
3486 0.0106994
3487 0.0104984
3488 0.0105708
3489 0.010439
3490 0.0104418
3491 0.0104562
3492 0.0104642
3493 0.0104654
3494 0.0105971
3495 0.0105778
3496 0.0104517
3497 0.0106011
3498 0.010443
3499 0.0103649
3500 0.0103927
3501 0.0106787
3502 0.0106778
3503 0.0105422
3504 0.0104728
3505 0.0104643
3506 0.0104487
3507 0.0105927
3508 0.0104707
3509 0.0104914
3510 0.010614
3511 0.0104609
3512 0.0106202
3513 0.0106719
3514 0.0104741
3515 0.0105441
3516 0.0107114
3517 0.0105716
3518 0.0107021
3519 0.0107237
3520 0.0107946
3521 0.0107086
3522 0.010548
3523 0.0108008
3524 0.0107178
3525 0.0106918
3526 0.0106652
3527 0.0106181
3528 0.0108217
3529 0.010721
3530 0.0106195
3531 0.0106961
3532 0.0106455
3533 0.0109945
3534 0.0107717
3535 0.0106496
3536 0.0107715
3537 0.0111349
3538 0.0106945
3539 0.0106468
3540 0.0107693
3541 0.010706
3542 0.0109288
3543 0.0107452
3544 0.0109591
3545 0.0107638
3546 0.0107478
3547 0.0109081
3548 0.0107714
3549 0.0111369
3550 0.0110833
3551 0.0108854
3552 0.0108023
3553 0.010697
3554 0.0107901
3555 0.0108281
3556 0.0107913
3557 0.0109452
3558 0.0108307
3559 0.010792
3560 0.0107725
3561 0.0107382
3562 0.0109036
3563 0.0109496
3564 0.0107793
3565 0.0112723
3566 0.0109134
3567 0.0110575
3568 0.0110718
3569 0.0109301
3570 0.0108327
3571 0.0108795
3572 0.011046
3573 0.0110707
3574 0.0109946
3575 0.0109406
3576 0.0109949
3577 0.0112702
3578 0.0110023
3579 0.0111445
3580 0.0109522
3581 0.0110331
3582 0.0109655
3583 0.010938
3584 0.0110473
3585 0.0118025
3586 0.0112976
3587 0.0110966
3588 0.0111884
3589 0.0111483
3590 0.0111293
3591 0.0111793
3592 0.0111598
3593 0.0110967
3594 0.0111737
3595 0.0112198
3596 0.0111498
3597 0.0111629
3598 0.0112374
3599 0.0112793
3600 0.0114156
3601 0.01127
3602 0.0110311
3603 0.0110781
3604 0.0111197
3605 0.0111843
3606 0.0111082
3607 0.0112274
3608 0.0110726
3609 0.011035
3610 0.0113646
3611 0.0111496
3612 0.0113371
3613 0.0112524
3614 0.0112572
3615 0.0113556
3616 0.0113054
3617 0.0111555
3618 0.0114287
3619 0.0112325
3620 0.0112464
3621 0.0115345
3622 0.0113283
3623 0.0112454
3624 0.0111767
3625 0.011144
3626 0.0113196
3627 0.0113336
3628 0.011222
3629 0.0113302
3630 0.0112738
3631 0.0112335
3632 0.0112263
3633 0.011258
3634 0.0112329
3635 0.0112512
3636 0.0113864
3637 0.0116087
3638 0.0116021
3639 0.0115984
3640 0.0113556
3641 0.0114675
3642 0.0114059
3643 0.0114862
3644 0.0114778
3645 0.011422
3646 0.0114638
3647 0.0116208
3648 0.011575
3649 0.0115503
3650 0.0114306
3651 0.0114114
3652 0.0116694
3653 0.0118194
3654 0.0114372
3655 0.0115017
3656 0.0115026
3657 0.0114167
3658 0.0118301
3659 0.0117164
3660 0.0115561
3661 0.0115562
3662 0.0115696
3663 0.0115541
3664 0.0115549
3665 0.011726
3666 0.0115421
3667 0.0115615
3668 0.0116633
3669 0.0116553
3670 0.0120056
3671 0.0116103
3672 0.0117311
3673 0.0116009
3674 0.0115486
3675 0.0116121
3676 0.011589
3677 0.0116219
3678 0.0116768
3679 0.011679
3680 0.0116214
3681 0.0115417
3682 0.0115926
3683 0.0118434
3684 0.0117292
3685 0.0119191
3686 0.0118057
3687 0.011814
3688 0.0116752
3689 0.0115706
3690 0.0116149
3691 0.0116949
3692 0.0117617
3693 0.0117551
3694 0.0119395
3695 0.0118959
3696 0.0117176
3697 0.0117569
3698 0.0118414
3699 0.0117081
3700 0.0117859
3701 0.0117106
3702 0.0119094
3703 0.011742
3704 0.0118524
3705 0.0117414
3706 0.0118035
3707 0.0118992
3708 0.0118521
3709 0.011816
3710 0.0118832
3711 0.0118955
3712 0.0118373
3713 0.0118872
3714 0.011939
3715 0.0119473
3716 0.0119297
3717 0.0119499
3718 0.0120543
3719 0.0119032
3720 0.012008
3721 0.0120355
3722 0.0120355
3723 0.0121637
3724 0.0121726
3725 0.012255
3726 0.0121605
3727 0.0119288
3728 0.0122625
3729 0.0121259
3730 0.0120708
3731 0.0119964
3732 0.0120559
3733 0.0120233
3734 0.0121119
3735 0.0120928
3736 0.0120517
3737 0.0124779
3738 0.0121177
3739 0.0119532
3740 0.0121167
3741 0.0120479
3742 0.0123472
3743 0.0120764
3744 0.0122918
3745 0.0122024
3746 0.012061
3747 0.012186
3748 0.0121374
3749 0.0120676
3750 0.0120338
3751 0.0123179
3752 0.0121929
3753 0.0122643
3754 0.0121947
3755 0.0120921
3756 0.0121384
3757 0.0122767
3758 0.0121361
3759 0.0124012
3760 0.0122388
3761 0.012232
3762 0.012361
3763 0.0123404
3764 0.0123042
3765 0.0121822
3766 0.012148
3767 0.0124494
3768 0.0123704
3769 0.0123592
3770 0.0123102
3771 0.0123036
3772 0.0123897
3773 0.0123176
3774 0.0123222
3775 0.0123614
3776 0.0124148
3777 0.0123316
3778 0.0125033
3779 0.0123936
3780 0.0125037
3781 0.0126679
3782 0.0124795
3783 0.0124216
3784 0.012331
3785 0.0124785
3786 0.0122203
3787 0.0125671
3788 0.0123868
3789 0.0125336
3790 0.0123776
3791 0.012418
3792 0.0125516
3793 0.0124269
3794 0.0124977
3795 0.0126412
3796 0.0125323
3797 0.0125528
3798 0.012509
3799 0.0154133
3800 0.0126845
3801 0.0126577
3802 0.0125776
3803 0.0753071
3804 0.0131508
3805 0.0131689
3806 0.0120297
3807 0.0119354
NUMBER OF LOOPS PER BATCH: 1000

3808 0.0124711
3809 0.0112323
3810 0.0108808
3811 0.0113313
3812 0.011289
3813 0.0110217
3814 0.0113777
3815 0.0111058
3816 0.0110401
3817 0.0110138
3818 0.0111554
3819 0.0115003
3820 0.0111162
3821 0.0113176
3822 0.0112201
3823 0.0110484
3824 0.0115929
3825 0.0112335
3826 0.0114019
3827 0.0114299
3828 0.0113318
3829 0.0126338
3830 0.0123004
3831 0.0115553
3832 0.0118181
3833 0.0126331
3834 0.0121744
3835 0.0116197
3836 0.0117642
3837 0.0115874
3838 0.0123974
3839 0.0126774
3840 0.0122176
3841 0.0118487
3842 0.0116882
3843 0.0121834
3844 0.0120397
3845 0.0121833
3846 0.0121871
3847 0.0120765
3848 0.0120471
3849 0.0124477
3850 0.0120808
3851 0.0125782
3852 0.0122886
3853 0.0119249
3854 0.0118507
3855 0.0119312
3856 0.0122465
3857 0.0121821
3858 0.0120352
3859 0.0121506
3860 0.0116843
3861 0.0117291
3862 0.0115879
3863 0.011797
3864 0.0115779
3865 0.0116837
3866 0.0116056
3867 0.0116288
3868 0.0120363
3869 0.0119122
3870 0.0118906
3871 0.0117436
3872 0.0116035
3873 0.0117845
3874 0.0119461
3875 0.0120426
3876 0.0121816
3877 0.0122282
3878 0.0118819
3879 0.0115127
3880 0.0114879
3881 0.0115198
3882 0.0116487
3883 0.01188
3884 0.0113995
3885 0.0118172
3886 0.0116765
3887 0.0114403
3888 0.0116575
3889 0.0119136
3890 0.0121138
3891 0.0118815
3892 0.0124251
3893 0.0121809
3894 0.0122511
3895 0.0121635
3896 0.011762
3897 0.0124087
3898 0.0119649
3899 0.011782
3900 0.0122643
3901 0.011929
3902 0.0121343
3903 0.0116797
3904 0.0120152
3905 0.0123888
3906 0.0121418
3907 0.0121318
3908 0.0124014
3909 0.0127595
3910 0.0126754
3911 0.0123958
3912 0.012896
3913 0.0125862
3914 0.0124791
3915 0.0124341
3916 0.0124531
3917 0.012577
3918 0.0126116
3919 0.0123129
3920 0.0123138
3921 0.0123877
3922 0.0124015
3923 0.0123222
3924 0.0123059
3925 0.0123698
3926 0.012462
3927 0.0124059
3928 0.0124613
3929 0.0124282
3930 0.0124122
3931 0.0123737
3932 0.0124616
3933 0.012418
3934 0.0125074
3935 0.0124901
3936 0.0125997
3937 0.0125768
3938 0.0125521
3939 0.012473
3940 0.0124961
3941 0.0125277
3942 0.0127354
3943 0.0126147
3944 0.0126112
3945 0.0125848
3946 0.0127455
3947 0.0129646
3948 0.0128268
3949 0.0126172
3950 0.0124518
3951 0.0125774
3952 0.0125582
3953 0.0125046
3954 0.0126542
3955 0.0125238
3956 0.0124773
3957 0.0127346
3958 0.0128584
3959 0.0126772
3960 0.0127456
3961 0.0122136
3962 0.0122117
3963 0.0122333
3964 0.0122412
3965 0.0124176
3966 0.0127173
3967 0.0125529
3968 0.0124271
3969 0.0120553
3970 0.0119041
3971 0.0121751
3972 0.0122839
3973 0.0127165
3974 0.0124906
3975 0.01292
3976 0.0130104
3977 0.0130959
3978 0.0129041
3979 0.0142879
3980 0.012513
3981 0.0125269
3982 0.0128168
3983 0.0126867
3984 0.0125259
3985 0.0126585
3986 0.0125533
3987 0.0124473
3988 0.0125139
3989 0.0124999
3990 0.0127904
3991 0.0124949
3992 0.0126032
3993 0.0127123
3994 0.0127278
3995 0.012706
3996 0.0126528
3997 0.0125676
3998 0.012643
3999 0.0127087
4000 0.0125692
4001 0.0130324
4002 0.012691
4003 0.0127586
4004 0.0128187
4005 0.0127549
4006 0.0128762
4007 0.0127684
4008 0.0127737
4009 0.0127035
4010 0.0128532
4011 0.0128635
4012 0.0128343
4013 0.0127607
4014 0.0129269
4015 0.013075
4016 0.0128092
4017 0.0129819
4018 0.0129231
4019 0.0129763
4020 0.0134611
4021 0.013014
4022 0.013524
4023 0.0132917
4024 0.0131322
4025 0.0131951
4026 0.013082
4027 0.0130105
4028 0.0130945
4029 0.0131965
4030 0.013225
4031 0.0130939
4032 0.0134124
4033 0.0131065
4034 0.0130378
4035 0.0130434
4036 0.0131578
4037 0.0130964
4038 0.0130205
4039 0.0130557
4040 0.0131261
4041 0.0130486
4042 0.0129029
4043 0.0128424
4044 0.0125836
4045 0.0130042
4046 0.0129606
4047 0.01292
4048 0.0134052
4049 0.0133159
4050 0.0133071
4051 0.0134136
4052 0.0133982
4053 0.0134079
4054 0.0130366
4055 0.0129746
4056 0.013119
4057 0.0130234
4058 0.0127727
4059 0.012937
4060 0.012992
4061 0.013031
4062 0.0132261
4063 0.013156
4064 0.013178
4065 0.013183
4066 0.0130791
4067 0.013146
4068 0.013216
4069 0.0131937
4070 0.0132059
4071 0.012861
4072 0.0132321
4073 0.0129705
4074 0.0128747
4075 0.0131929
4076 0.0130367
4077 0.0134124
4078 0.0133213
4079 0.0136663
4080 0.0131017
4081 0.0136492
4082 0.0131915
4083 0.0132272
4084 0.0131537
4085 0.0135647
4086 0.0132066
4087 0.01313
4088 0.013953
4089 0.0133863
4090 0.0135067
4091 0.0139403
4092 0.0138743
4093 0.0138797
4094 0.0137226
4095 0.0133834
4096 0.0132304
4097 0.0135702
4098 0.0134871
4099 0.0134055
4100 0.0135155
4101 0.0134345
4102 0.0140461
4103 0.0145254
4104 0.0143099
4105 0.0142696
4106 0.0155579
4107 0.0153949
4108 0.0153699
4109 0.0159102
4110 0.0156331
4111 0.0158785
4112 0.0160049
4113 0.017647
4114 0.0172396
4115 0.0163395
4116 0.0169905
4117 0.0174715
4118 0.017092
4119 0.0165108
4120 0.016793
4121 0.0182647
4122 0.0201625
4123 0.0193898
4124 0.0179777
4125 0.0183565
4126 0.0196721
4127 0.0197381
4128 0.0188191
4129 0.0192911
4130 0.0195199
4131 0.0190039
4132 0.0188255
4133 0.0183892
4134 0.0180914
4135 0.0189311
4136 0.0194568
4137 0.0189547
4138 0.0194392
4139 0.0196264
4140 0.0189358
4141 0.018602
4142 0.0187801
4143 0.0187871
4144 0.0196197
4145 0.0188259
4146 0.0192048
4147 0.0198601
4148 0.0193748
4149 0.0208258
4150 0.0191032
4151 0.0199629
4152 0.0188141
4153 0.0213149
4154 0.0187735
4155 0.0192318
4156 0.0210693
4157 0.01962
4158 0.0195841
4159 0.0246314
4160 0.0248297
4161 0.0222925
4162 0.0239262
4163 0.0228742
4164 0.0220479
4165 0.0198624
4166 0.0192936
4167 0.0186869
4168 0.0193085
4169 0.0197574
4170 0.0193669
4171 0.0192546
4172 0.0198858
4173 0.02178
4174 0.0198807
4175 0.0202594
4176 0.0202838
4177 0.0205028
4178 0.0204484
4179 0.0217838
4180 0.0186385
4181 0.0187284
4182 0.0184461
4183 0.0179037
4184 0.0191759
4185 0.0190899
4186 0.0195031
4187 0.0191816
4188 0.0188522
4189 0.0186349
4190 0.0191694
4191 0.0209705
4192 0.0189901
4193 0.0186477
4194 0.0198002
4195 0.0188802
4196 0.0195416
4197 0.0206387
4198 0.0198293
4199 0.0196593
4200 0.0192423
4201 0.0197796
4202 0.0204755
4203 0.0200914
4204 0.0206668
4205 0.0194982
4206 0.0199044
4207 0.0194362
4208 0.0195556
4209 0.0198248
4210 0.0196985
4211 0.0200602
4212 0.0202792
4213 0.0216255
4214 0.0209066
4215 0.020214
4216 0.0225743
4217 0.0206546
4218 0.0199917
4219 0.0202976
4220 0.0199806
4221 0.0199821
4222 0.0199495
4223 0.0202489
4224 0.0200316
4225 0.0194322
4226 0.0199648
4227 0.0197516
4228 0.0198715
4229 0.0200885
4230 0.0197523
4231 0.020133
4232 0.0197697
4233 0.0198553
4234 0.020452
4235 0.0206042
4236 0.0215274
4237 0.0204757
4238 0.0195452
4239 0.0200952
4240 0.02015
4241 0.0198583
4242 0.0204345
4243 0.0197799
4244 0.0194478
4245 0.0198467
4246 0.0223031
4247 0.0210708
4248 0.021515
4249 0.0210361
4250 0.0212633
4251 0.0203371
4252 0.0206904
4253 0.0206574
4254 0.0211019
4255 0.0211149
4256 0.0200913
4257 0.0200299
4258 0.0200605
4259 0.0215525
4260 0.0193001
4261 0.0200023
4262 0.0196455
4263 0.0193657
4264 0.0200462
4265 0.0198515
4266 0.0208156
4267 0.0213484
4268 0.0214406
4269 0.0213359
4270 0.0212315
4271 0.0224669
4272 0.0199283
4273 0.0199218
4274 0.020778
4275 0.0209523
4276 0.0218703
4277 0.0217868
4278 0.0215041
4279 0.0213912
4280 0.0220904
4281 0.0206552
4282 0.0218449
4283 0.0204884
4284 0.0216539
4285 0.0217362
4286 0.0224559
4287 0.021476
4288 0.0214608
4289 0.0206158
4290 0.0203285
4291 0.0212261
4292 0.0216429
4293 0.0213144
4294 0.0206004
4295 0.0202783
4296 0.0209127
4297 0.0211036
4298 0.0195589
4299 0.019455
4300 0.0181304
4301 0.0183875
4302 0.0183921
4303 0.0183236
4304 0.0207936
4305 0.0191613
4306 0.0191442
4307 0.0198376
4308 0.0205113
4309 0.021102
4310 0.0195614
4311 0.019767
4312 0.0197919
4313 0.0193362
4314 0.0196536
4315 0.0196894
4316 0.019711
4317 0.020813
4318 0.0223656
4319 0.0222629
4320 0.0213728
4321 0.0220418
4322 0.0215161
4323 0.0221675
4324 0.0234143
4325 0.0258393
4326 0.0243355
4327 0.0242194
4328 0.0252339
4329 0.0238476
4330 0.0218931
4331 0.0202419
4332 0.0210763
4333 0.0213475
4334 0.0205953
4335 0.0213167
4336 0.0201972
4337 0.0206993
4338 0.0215041
4339 0.0223686
4340 0.0205671
4341 0.0219996
4342 0.0209875
4343 0.020703
4344 0.0224271
4345 0.0225717
4346 0.0207448
4347 0.0214862
4348 0.022605
4349 0.0223746
4350 0.02156
4351 0.0233081
4352 0.0211916
4353 0.0218789
4354 0.017659
4355 0.0172722
4356 0.0155736
4357 0.01498
4358 0.015704
4359 0.015439
4360 0.0155925
4361 0.0167376
4362 0.0163941
4363 0.0165695
4364 0.016215
4365 0.0173072
4366 0.0167883
4367 0.0163412
4368 0.0161189
4369 0.0169218
4370 0.0157052
4371 0.0155127
4372 0.0160033
4373 0.0151194
4374 0.014747
4375 0.0148902
4376 0.0149132
4377 0.0150276
4378 0.0149597
4379 0.0149866
4380 0.0150848
4381 0.0149216
4382 0.0151233
4383 0.0149258
4384 0.0149412
4385 0.0149513
4386 0.014921
4387 0.0148964
4388 0.0150585
4389 0.0159271
4390 0.0214315
4391 0.0190049
4392 0.0192893
4393 0.0224648
4394 0.0224561
4395 0.0202908
4396 0.0195955
4397 0.01922
4398 0.0206563
4399 0.0213969
4400 0.0200171
4401 0.0200599
4402 0.0204059
4403 0.0203225
4404 0.0213415
4405 0.0210213
4406 0.0157602
4407 0.0153655
4408 0.0154527
4409 0.0151254
4410 0.0151689
4411 0.0152556
4412 0.0151561
4413 0.0153002
4414 0.0151988
4415 0.015142
4416 0.0151717
4417 0.0152283
4418 0.0151505
4419 0.0152466
4420 0.015157
4421 0.0153523
4422 0.0151349
4423 0.0153011
4424 0.0152018
4425 0.0152702
4426 0.0150052
4427 0.0153188
4428 0.0153924
4429 0.0152687
4430 0.0155598
4431 0.0152873
4432 0.015251
4433 0.0154766
4434 0.015212
4435 0.0150962
4436 0.0151271
4437 0.0151894
4438 0.0150883
4439 0.015193
4440 0.0152689
4441 0.0152998
4442 0.0153085
4443 0.0152916
4444 0.0151723
4445 0.0151685
4446 0.0151655
4447 0.0151289
4448 0.0154083
4449 0.0151074
4450 0.0150746
4451 0.0150666
4452 0.0152133
4453 0.0151727
4454 0.0152242
4455 0.0153812
4456 0.0153761
4457 0.0152615
4458 0.0152408
4459 0.0151842
4460 0.0152734
4461 0.0152622
4462 0.0153917
4463 0.0153075
4464 0.0153772
4465 0.0153536
4466 0.0155463
4467 0.015492
4468 0.0153571
4469 0.0152938
4470 0.0153842
4471 0.0154302
4472 0.0156164
4473 0.0152665
4474 0.0154407
4475 0.0155855
4476 0.0153364
4477 0.0154727
4478 0.0155069
4479 0.0154552
4480 0.0154045
4481 0.0153252
4482 0.0153795
4483 0.0154466
4484 0.0154023
4485 0.0155615
4486 0.0155092
4487 0.0154915
4488 0.0154198
4489 0.0156251
4490 0.0155239
4491 0.0157705
4492 0.0157171
4493 0.0156159
4494 0.0155287
4495 0.015353
4496 0.0158582
4497 0.0155675
4498 0.0154688
4499 0.0153902
4500 0.015392
4501 0.0156269
4502 0.0168249
4503 0.0156227
4504 0.0155703
4505 0.0156744
4506 0.0156549
4507 0.0156882
4508 0.0156127
4509 0.0156771
4510 0.0156103
4511 0.0156445
4512 0.0157927
4513 0.0157715
4514 0.0154244
4515 0.0154997
4516 0.0158203
4517 0.0156652
4518 0.0157275
4519 0.0155763
4520 0.0156053
4521 0.0154951
4522 0.0156072
4523 0.0159252
4524 0.0156264
4525 0.0156495
4526 0.015938
4527 0.0157062
4528 0.015914
4529 0.0159347
4530 0.0158549
4531 0.0157855
4532 0.0159341
4533 0.0161313
4534 0.015746
4535 0.015706
4536 0.0157323
4537 0.0158815
4538 0.0157853
4539 0.0160332
4540 0.0160774
4541 0.0158874
4542 0.0158936
4543 0.0157398
4544 0.0158292
4545 0.0160191
4546 0.0158395
4547 0.015872
4548 0.0158358
4549 0.0157662
4550 0.0159721
4551 0.0160073
4552 0.015785
4553 0.0158146
4554 0.0160388
4555 0.0158197
4556 0.0159985
4557 0.0162404
4558 0.0159786
4559 0.0158339
4560 0.0158531
4561 0.015985
4562 0.0159514
4563 0.0157399
4564 0.0157474
4565 0.0160478
4566 0.0160076
4567 0.0161788
4568 0.0159852
4569 0.0162719
4570 0.0159892
4571 0.0160181
4572 0.0160272
4573 0.016107
4574 0.0161171
4575 0.0159828
4576 0.0164725
4577 0.0161086
4578 0.016497
4579 0.0162376
4580 0.0164936
4581 0.0164441
4582 0.016511
4583 0.0162844
4584 0.0161409
4585 0.0163165
4586 0.0161191
4587 0.0161119
4588 0.0162167
4589 0.0162917
4590 0.0163634
4591 0.0163203
4592 0.0163158
4593 0.016341
4594 0.0162242
4595 0.0162573
4596 0.0164599
4597 0.0161349
4598 0.0162318
4599 0.0162184
4600 0.0161967
4601 0.0163913
4602 0.0164776
4603 0.0162626
4604 0.016276
4605 0.0162407
4606 0.0161907
4607 0.0162403
4608 0.0163157
4609 0.0163385
4610 0.0163833
4611 0.0163022
4612 0.0166765
4613 0.0166129
4614 0.0165693
4615 0.0166532
4616 0.0163171
4617 0.0163363
4618 0.016429
4619 0.0164031
4620 0.0164373
4621 0.0165323
4622 0.0163875
4623 0.0164651
4624 0.0164114
4625 0.0163671
4626 0.016518
4627 0.0164284
4628 0.016501
4629 0.0164652
4630 0.0166281
4631 0.0165958
4632 0.0163513
4633 0.0163171
4634 0.016352
4635 0.0164643
4636 0.016545
4637 0.0165818
4638 0.0168991
4639 0.0164887
4640 0.0166273
4641 0.0166264
4642 0.0165974
4643 0.0166064
4644 0.0165325
4645 0.0166311
4646 0.0165116
4647 0.0166935
4648 0.0166501
4649 0.0166066
4650 0.0167208
4651 0.0166043
4652 0.0165918
4653 0.0168855
4654 0.016849
4655 0.0165907
4656 0.0167188
4657 0.0166978
4658 0.0167997
4659 0.0168008
4660 0.0165945
4661 0.0166104
4662 0.0167449
4663 0.0166711
4664 0.016854
4665 0.0167382
4666 0.0168041
4667 0.016699
4668 0.0165909
4669 0.016653
4670 0.016856
4671 0.0167254
4672 0.0168025
4673 0.0167935
4674 0.016803
4675 0.0169561
4676 0.0168615
4677 0.0168371
4678 0.0171831
4679 0.0167318
4680 0.0169995
4681 0.0168535
4682 0.0169903
4683 0.0168351
4684 0.0168541
4685 0.0169963
4686 0.0167497
4687 0.0168537
4688 0.0167756
4689 0.0168277
4690 0.016758
4691 0.0170767
4692 0.0170725
4693 0.0171283
4694 0.0169841
4695 0.0169237
4696 0.0170564
4697 0.0169869
4698 0.0168643
4699 0.0167602
4700 0.017012
4701 0.0167911
4702 0.0171771
4703 0.0170542
4704 0.0169273
4705 0.0171182
4706 0.0171162
4707 0.0170582
4708 0.0171428
4709 0.0172349
4710 0.0170236
4711 0.0171894
4712 0.0169617
4713 0.0168932
4714 0.0168514
4715 0.0168624
4716 0.0171032
4717 0.0172446
4718 0.0172121
4719 0.017202
4720 0.0170116
4721 0.0171619
4722 0.0172271
4723 0.0170306
4724 0.0173054
4725 0.0172191
4726 0.0174698
4727 0.0171858
4728 0.0171185
4729 0.0177243
4730 0.017588
4731 0.0171985
4732 0.0170684
4733 0.0171723
4734 0.0172338
4735 0.0171125
4736 0.0171254
4737 0.01716
4738 0.0176936
4739 0.0175519
4740 0.0176058
4741 0.0175978
4742 0.0174983
4743 0.018311
4744 0.0226894
4745 0.0217912
4746 0.0195921
4747 0.0209951
4748 0.0210976
4749 0.0188223
4750 0.0183219
4751 0.0178762
4752 0.0176749
4753 0.0178457
4754 0.0175605
4755 0.0176291
4756 0.0174893
4757 0.0176069
4758 0.0176725
4759 0.017661
4760 0.0175393
4761 0.0174434
4762 0.0175716
4763 0.0176174
4764 0.0176848
4765 0.0175051
4766 0.0176959
4767 0.0175606
4768 0.0176267
4769 0.0176646
4770 0.0175787
4771 0.0175901
4772 0.017497
4773 0.0176682
4774 0.0177887
4775 0.0178214
4776 0.0176952
4777 0.0176514
4778 0.0175327
4779 0.0178858
4780 0.0177522
4781 0.0176234
4782 0.0174922
4783 0.017816
4784 0.0181241
4785 0.0176013
4786 0.0176544
4787 0.0177998
4788 0.0176449
4789 0.0177093
4790 0.0176575
4791 0.0176975
4792 0.0175525
4793 0.0177641
4794 0.0178112
4795 0.0178108
4796 0.0176014
4797 0.0177779
4798 0.0178045
4799 0.0178036
4800 0.0177615
4801 0.0177512
4802 0.0175408
4803 0.0176243
4804 0.0178117
4805 0.0177379
4806 0.0176118
4807 0.0177656
4808 0.0175904
4809 0.0177763
4810 0.0177025
4811 0.017596
4812 0.0177232
4813 0.0178589
4814 0.0177705
4815 0.0177382
4816 0.0178569
4817 0.0177618
4818 0.018264
4819 0.0180013
4820 0.0179927
4821 0.0178104
4822 0.0179521
4823 0.0177137
4824 0.017969
4825 0.0178528
4826 0.0180539
4827 0.0179662
4828 0.0178837
4829 0.0180013
4830 0.0180393
4831 0.0179228
4832 0.0178909
4833 0.0180478
4834 0.0181063
4835 0.0180044
4836 0.0180567
4837 0.0182003
4838 0.0180234
4839 0.0178872
4840 0.0179536
4841 0.0180372
4842 0.0181151
4843 0.0180073
4844 0.0181101
4845 0.0180268
4846 0.0179956
4847 0.0179783
4848 0.0179363
4849 0.0181797
4850 0.0180289
4851 0.0179165
4852 0.018192
4853 0.0181176
4854 0.0179016
4855 0.0181096
4856 0.0181795
4857 0.0180614
4858 0.0179774
4859 0.0179834
4860 0.0184076
4861 0.0183671
4862 0.0182389
4863 0.0180267
4864 0.0180366
4865 0.0183033
4866 0.0181962
4867 0.0181923
4868 0.0183373
4869 0.0184188
4870 0.018175
4871 0.0181885
4872 0.0182844
4873 0.0181836
4874 0.0182234
4875 0.018328
4876 0.0184858
4877 0.0181583
4878 0.018404
4879 0.018719
4880 0.0182472
4881 0.0185556
4882 0.0182974
4883 0.0188119
4884 0.01846
4885 0.0184513
4886 0.0182589
4887 0.0182182
4888 0.0182449
4889 0.0181648
4890 0.0182297
4891 0.0185872
4892 0.0183533
4893 0.0183954
4894 0.0183406
4895 0.0181442
4896 0.0183339
4897 0.0184144
4898 0.0184138
4899 0.0183769
4900 0.0187804
4901 0.0182557
4902 0.0185084
4903 0.018399
4904 0.0184181
4905 0.0185569
4906 0.0184443
4907 0.0187343
4908 0.0185001
4909 0.0187116
4910 0.0185304
4911 0.0187421
4912 0.0186957
4913 0.018764
4914 0.0185062
4915 0.0188285
4916 0.0185976
4917 0.018802
4918 0.0185729
4919 0.0190654
4920 0.018725
4921 0.0186605
4922 0.0185823
4923 0.0185704
4924 0.0192651
4925 0.0185409
4926 0.0187157
4927 0.0187893
4928 0.0186913
4929 0.0186132
4930 0.0185789
4931 0.0185047
4932 0.0188128
4933 0.018847
4934 0.0185464
4935 0.0186406
4936 0.0186124
4937 0.0185847
4938 0.0186315
4939 0.0187189
4940 0.0185186
4941 0.0186789
4942 0.0186997
4943 0.0186495
4944 0.0186978
4945 0.0186764
4946 0.0186526
4947 0.0189444
4948 0.0186382
4949 0.0188194
4950 0.018761
4951 0.0188827
4952 0.0187787
4953 0.0189274
4954 0.0189141
4955 0.019054
4956 0.0189974
4957 0.0191326
4958 0.0189205
4959 0.0188694
4960 0.0184855
4961 0.0187812
4962 0.0189181
4963 0.0187345
4964 0.0189534
4965 0.0190146
4966 0.0188765
4967 0.0190009
4968 0.0189449
4969 0.0190497
4970 0.0187238
4971 0.0190536
4972 0.01928
4973 0.0189871
4974 0.0189493
4975 0.0190755
4976 0.0187505
4977 0.0193625
4978 0.0195052
4979 0.0189567
4980 0.019338
4981 0.0193352
4982 0.0190175
4983 0.0187907
4984 0.0188603
4985 0.0191117
4986 0.0189512
4987 0.019073
4988 0.0192484
4989 0.0190451
4990 0.0189939
4991 0.0189271
4992 0.0190119
4993 0.0191112
4994 0.0191646
4995 0.0192268
4996 0.0189324
4997 0.0190763
4998 0.0189768
4999 0.0190301
5000 0.019224
