NUMBER OF LOOPS PER BATCH: 500

100 9.39579e-06
600 0.000106549
1100 0.000207604
1600 0.000222868
2100 0.000319606
2600 0.000409783
3100 0.000443703
3600 0.000557141
4100 0.000708277
4600 0.000702282
5100 0.000766434
5600 0.000812073
6100 0.000928985
6600 0.000955854
7100 0.00104378
7600 0.000986488
8100 0.0012795
8600 0.00131168
9100 0.00136214
9600 0.0014388
NUMBER OF LOOPS PER BATCH: 500

100 2.80616e-05
600 8.76787e-05
1100 0.000174963
1600 0.000250024
2100 0.00033311
2600 0.00042609
3100 0.000485968
3600 0.000595952
4100 0.000713301
4600 0.000985242
5100 0.00101826
5600 0.00103846
6100 0.00118461
6600 0.00130862
7100 0.00138923
7600 0.0015773
8100 0.00166774
8600 0.00175323
9100 0.00207939
9600 0.00212388
NUMBER OF LOOPS PER BATCH: 100

100 7.54845e-06
600 5.53904e-05
1100 0.000277349
1600 0.000231006
2100 0.000270884
2600 0.000360615
3100 0.000401879
3600 0.000426148
4100 0.00046329
4600 0.000520434
5100 0.000580386
5600 0.000685102
6100 0.000704658
6600 0.000747594
7100 0.000920675
7600 0.000987319
8100 0.00102976
8600 0.00130328
9100 0.00110396
9600 0.00113007
